user_id	tag_id
0	37
1	42
2	45
3	20
4	15
5	0
6	45
7	15
8	42
9	12
10	15
11	34
12	47
13	11
14	2
15	11
16	28
17	9
18	38
19	20
20	11
21	2
22	38
23	49
24	47
25	37
26	7
27	46
28	47
29	0
30	37
31	0
32	1
33	49
34	41
35	24
36	20
37	37
38	0
39	45
40	11
41	38
42	34
43	38
44	37
45	11
46	34
47	1
48	35
49	11
50	34
51	45
52	44
53	31
54	20
55	15
56	0
57	21
58	31
59	20
60	11
61	40
62	23
63	20
64	10
65	20
66	31
67	23
68	0
69	0
70	11
71	0
72	10
73	31
74	37
75	15
76	11
77	37
78	11
79	0
80	41
81	2
82	47
83	45
84	11
85	20
86	45
87	7
88	11
89	42
90	31
91	49
92	3
93	11
94	15
95	15
96	17
97	34
98	37
99	45
100	3
101	11
102	3
103	34
104	47
105	31
106	41
107	34
108	35
109	0
110	37
111	31
112	20
113	31
114	20
115	45
116	38
117	38
118	20
119	23
120	35
121	45
122	25
123	11
124	47
125	31
126	38
127	11
128	10
129	10
130	8
131	37
132	42
133	37
134	0
135	17
136	2
137	23
138	28
139	31
140	11
141	0
142	0
143	11
144	34
145	29
146	2
147	24
148	44
149	40
150	6
151	34
152	11
153	34
154	31
155	42
156	25
157	11
158	20
159	11
160	29
161	3
162	23
163	34
164	35
165	26
166	11
167	34
168	4
169	46
170	34
171	11
172	13
173	3
174	18
175	45
176	47
177	7
178	45
179	31
180	26
181	15
182	7
183	34
184	20
185	2
186	8
187	34
188	20
189	46
190	11
191	26
192	17
193	20
194	44
195	31
196	34
197	12
198	48
199	11
200	23
201	12
202	11
203	12
204	17
205	20
206	11
207	16
208	11
209	45
210	11
211	42
212	20
213	23
214	45
215	29
216	11
217	34
218	11
219	46
220	11
221	35
222	2
223	49
224	18
225	11
226	11
227	20
228	0
229	38
230	47
231	23
232	37
233	20
234	13
235	35
236	42
237	17
238	23
239	35
240	47
241	42
242	20
243	42
244	16
245	34
246	34
247	45
248	42
249	11
250	45
251	45
252	0
253	11
254	39
255	47
256	37
257	2
258	32
259	3
260	26
261	45
262	35
263	49
264	41
265	7
266	23
267	42
268	11
269	46
270	12
271	24
272	2
273	32
274	35
275	11
276	20
277	45
278	34
279	31
280	15
281	34
282	20
283	39
284	41
285	23
286	15
287	3
288	7
289	34
290	41
291	45
292	32
293	34
294	48
295	45
296	46
297	34
298	41
299	1
300	6
301	6
302	32
303	11
304	20
305	2
306	43
307	33
308	2
309	42
310	20
311	31
312	34
313	43
314	11
315	35
316	34
317	11
318	13
319	34
320	46
321	31
322	46
323	45
324	11
325	1
326	17
327	20
328	26
329	7
330	6
331	23
332	41
333	31
334	31
335	35
336	3
337	12
338	41
339	7
340	11
341	22
342	38
343	47
344	34
345	9
346	7
347	7
348	2
349	37
350	3
351	44
352	34
353	0
354	39
355	11
356	20
357	31
358	45
359	45
360	11
361	20
362	34
363	11
364	11
365	43
366	34
367	48
368	0
369	0
370	23
371	10
372	20
373	47
374	23
375	46
376	16
377	0
378	31
379	42
380	45
381	0
382	34
383	34
384	2
385	32
386	31
387	31
388	37
389	41
390	31
391	6
392	31
393	11
394	11
395	46
396	47
397	11
398	34
399	23
400	37
401	8
402	48
403	23
404	20
405	42
406	34
407	17
408	6
409	37
410	18
411	4
412	42
413	34
414	40
415	0
416	11
417	20
418	34
419	7
420	11
421	20
422	11
423	27
424	49
425	39
426	20
427	0
428	28
429	0
430	35
431	34
432	34
433	34
434	3
435	35
436	31
437	24
438	37
439	20
440	47
441	6
442	31
443	17
444	22
445	31
446	31
447	11
448	45
449	7
450	43
451	42
452	25
453	46
454	34
455	22
456	26
457	34
458	11
459	34
460	1
461	22
462	23
463	31
464	34
465	43
466	0
467	34
468	7
469	31
470	7
471	47
472	34
473	32
474	38
475	1
476	10
477	0
478	42
479	15
480	49
481	6
482	11
483	11
484	0
485	0
486	34
487	34
488	34
489	47
490	34
491	34
492	42
493	3
494	45
495	2
496	11
497	17
498	49
499	23
500	20
501	20
502	34
503	23
504	22
505	0
506	34
507	35
508	25
509	35
510	11
511	34
512	35
513	35
514	17
515	47
516	42
517	49
518	34
519	40
520	31
521	47
522	46
523	27
524	31
525	47
526	34
527	9
528	16
529	22
530	6
531	45
532	24
533	37
534	11
535	38
536	41
537	47
538	3
539	34
540	2
541	20
542	19
543	47
544	34
545	42
546	35
547	0
548	27
549	30
550	8
551	20
552	0
553	34
554	20
555	49
556	47
557	8
558	11
559	3
560	20
561	45
562	35
563	31
564	34
565	35
566	47
567	20
568	20
569	42
570	3
571	11
572	20
573	34
574	10
575	47
576	28
577	0
578	35
579	34
580	20
581	0
582	49
583	23
584	35
585	47
586	17
587	13
588	34
589	15
590	17
591	20
592	0
593	49
594	15
595	11
596	0
597	20
598	34
599	11
600	46
601	35
602	20
603	3
604	42
605	34
606	20
607	0
608	3
609	46
610	2
611	20
612	15
613	34
614	22
615	45
616	34
617	34
618	34
619	15
620	46
621	31
622	28
623	25
624	34
625	47
626	11
627	0
628	37
629	49
630	26
631	20
632	34
633	45
634	17
635	47
636	1
637	22
638	39
639	34
640	49
641	34
642	34
643	47
644	7
645	1
646	3
647	23
648	47
649	20
650	21
651	45
652	11
653	2
654	41
655	17
656	0
657	20
658	37
659	28
660	46
661	45
662	45
663	16
664	11
665	15
666	47
667	20
668	6
669	31
670	16
671	45
672	41
673	22
674	34
675	48
676	17
677	19
678	46
679	20
680	34
681	46
682	20
683	34
684	3
685	20
686	48
687	34
688	45
689	28
690	46
691	30
692	47
693	20
694	2
695	25
696	46
697	28
698	26
699	34
700	0
701	40
702	34
703	11
704	47
705	23
706	45
707	11
708	11
709	30
710	17
711	48
712	38
713	24
714	35
715	24
716	11
717	2
718	34
719	46
720	12
721	23
722	11
723	42
724	41
725	37
726	49
727	15
728	10
729	23
730	18
731	15
732	46
733	11
734	12
735	23
736	17
737	11
738	38
739	20
740	11
741	45
742	7
743	38
744	11
745	2
746	20
747	35
748	16
749	7
750	20
751	18
752	42
753	2
754	16
755	45
756	39
757	0
758	31
759	23
760	20
761	45
762	20
763	22
764	12
765	31
766	22
767	20
768	7
769	39
770	34
771	47
772	20
773	2
774	11
775	35
776	47
777	10
778	34
779	12
780	2
781	11
782	47
783	20
784	45
785	45
786	15
787	22
788	47
789	20
790	12
791	47
792	41
793	34
794	15
795	16
796	31
797	42
798	11
799	22
800	16
801	44
802	47
803	31
804	20
805	31
806	11
807	10
808	37
809	46
810	41
811	0
812	0
813	45
814	34
815	16
816	12
817	32
818	20
819	47
820	11
821	9
822	46
823	43
824	34
825	11
826	34
827	0
828	16
829	7
830	23
831	42
832	34
833	20
834	11
835	11
836	31
837	15
838	27
839	40
840	11
841	0
842	42
843	23
844	23
845	28
846	0
847	15
848	0
849	43
850	45
851	20
852	3
853	32
854	18
855	34
856	7
857	38
858	47
859	11
860	37
861	23
862	47
863	41
864	31
865	34
866	34
867	11
868	19
869	34
870	34
871	35
872	17
873	34
874	0
875	2
876	24
877	20
878	34
879	47
880	12
881	47
882	34
883	46
884	47
885	11
886	23
887	37
888	13
889	2
890	32
891	45
892	0
893	3
894	0
895	20
896	48
897	20
898	9
899	34
900	34
901	11
902	34
903	3
904	46
905	11
906	31
907	20
908	31
909	7
910	21
911	34
912	20
913	7
914	20
915	23
916	20
917	45
918	18
919	45
920	38
921	26
922	34
923	8
924	34
925	35
926	37
927	43
928	12
929	0
930	41
931	34
932	0
933	9
934	48
935	45
936	39
937	34
938	46
939	15
940	11
941	34
942	15
943	0
944	2
945	31
946	11
947	29
948	39
949	20
950	11
951	32
952	28
953	46
954	26
955	46
956	18
957	17
958	37
959	46
960	20
961	23
962	25
963	23
964	41
965	23
966	0
967	23
968	0
969	39
970	10
971	34
972	49
973	47
974	28
975	34
976	28
977	0
978	45
979	35
980	16
981	31
982	45
983	4
984	48
985	11
986	49
987	15
988	31
989	37
990	31
991	11
992	20
993	45
994	34
995	12
996	0
997	15
998	48
999	22
1000	32
1001	23
1002	31
1003	39
1004	46
1005	20
1006	20
1007	31
1008	34
1009	26
1010	20
1011	34
1012	34
1013	20
1014	36
1015	15
1016	28
1017	10
1018	13
1019	47
1020	17
1021	23
1022	31
1023	34
1024	20
1025	34
1026	31
1027	31
1028	41
1029	10
1030	10
1031	15
1032	35
1033	49
1034	23
1035	7
1036	11
1037	41
1038	11
1039	25
1040	7
1041	11
1042	34
1043	46
1044	11
1045	11
1046	47
1047	0
1048	34
1049	32
1050	19
1051	31
1052	38
1053	37
1054	0
1055	20
1056	22
1057	25
1058	8
1059	20
1060	20
1061	43
1062	22
1063	15
1064	0
1065	37
1066	41
1067	6
1068	15
1069	11
1070	35
1071	17
1072	41
1073	49
1074	31
1075	20
1076	40
1077	23
1078	15
1079	20
1080	0
1081	47
1082	11
1083	15
1084	34
1085	12
1086	21
1087	14
1088	47
1089	23
1090	11
1091	20
1092	45
1093	42
1094	34
1095	15
1096	2
1097	31
1098	32
1099	15
1100	25
1101	11
1102	20
1103	0
1104	16
1105	45
1106	0
1107	20
1108	15
1109	0
1110	11
1111	44
1112	26
1113	37
1114	23
1115	46
1116	30
1117	20
1118	25
1119	19
1120	8
1121	47
1122	11
1123	25
1124	48
1125	34
1126	47
1127	43
1128	22
1129	40
1130	17
1131	38
1132	46
1133	16
1134	22
1135	20
1136	33
1137	23
1138	32
1139	43
1140	40
1141	2
1142	7
1143	34
1144	0
1145	35
1146	17
1147	23
1148	47
1149	43
1150	26
1151	45
1152	34
1153	11
1154	46
1155	11
1156	20
1157	34
1158	45
1159	20
1160	7
1161	41
1162	20
1163	8
1164	35
1165	34
1166	0
1167	32
1168	34
1169	43
1170	11
1171	9
1172	42
1173	11
1174	20
1175	22
1176	15
1177	11
1178	38
1179	23
1180	40
1181	40
1182	16
1183	2
1184	0
1185	22
1186	11
1187	45
1188	11
1189	20
1190	7
1191	34
1192	42
1193	23
1194	0
1195	46
1196	34
1197	47
1198	49
1199	11
1200	0
1201	21
1202	44
1203	35
1204	0
1205	35
1206	22
1207	34
1208	22
1209	45
1210	40
1211	0
1212	34
1213	11
1214	22
1215	16
1216	47
1217	17
1218	10
1219	37
1220	22
1221	0
1222	17
1223	13
1224	34
1225	11
1226	23
1227	28
1228	34
1229	39
1230	46
1231	32
1232	45
1233	20
1234	34
1235	11
1236	11
1237	34
1238	15
1239	11
1240	32
1241	8
1242	40
1243	18
1244	47
1245	24
1246	34
1247	23
1248	20
1249	11
1250	0
1251	41
1252	31
1253	37
1254	32
1255	31
1256	20
1257	34
1258	45
1259	44
1260	22
1261	42
1262	32
1263	44
1264	32
1265	6
1266	46
1267	16
1268	0
1269	11
1270	49
1271	9
1272	29
1273	29
1274	31
1275	7
1276	11
1277	47
1278	15
1279	0
1280	23
1281	34
1282	20
1283	8
1284	36
1285	34
1286	15
1287	41
1288	47
1289	0
1290	8
1291	20
1292	0
1293	49
1294	34
1295	0
1296	26
1297	4
1298	28
1299	37
1300	25
1301	45
1302	21
1303	22
1304	11
1305	21
1306	20
1307	35
1308	11
1309	11
1310	22
1311	35
1312	34
1313	37
1314	41
1315	11
1316	30
1317	11
1318	11
1319	22
1320	46
1321	29
1322	41
1323	17
1324	25
1325	0
1326	45
1327	3
1328	39
1329	31
1330	17
1331	34
1332	21
1333	23
1334	17
1335	34
1336	20
1337	10
1338	42
1339	28
1340	11
1341	45
1342	29
1343	35
1344	42
1345	11
1346	42
1347	37
1348	47
1349	15
1350	20
1351	31
1352	34
1353	26
1354	31
1355	2
1356	20
1357	3
1358	0
1359	15
1360	17
1361	35
1362	11
1363	31
1364	45
1365	15
1366	38
1367	31
1368	25
1369	47
1370	34
1371	20
1372	47
1373	41
1374	0
1375	15
1376	10
1377	31
1378	11
1379	3
1380	0
1381	34
1382	33
1383	20
1384	34
1385	41
1386	17
1387	45
1388	21
1389	12
1390	42
1391	38
1392	46
1393	11
1394	28
1395	16
1396	31
1397	34
1398	26
1399	15
1400	7
1401	15
1402	47
1403	41
1404	31
1405	34
1406	32
1407	47
1408	46
1409	20
1410	0
1411	11
1412	16
1413	45
1414	16
1415	11
1416	11
1417	10
1418	11
1419	28
1420	32
1421	1
1422	23
1423	11
1424	33
1425	26
1426	2
1427	20
1428	11
1429	32
1430	34
1431	20
1432	20
1433	20
1434	34
1435	0
1436	16
1437	34
1438	34
1439	46
1440	0
1441	35
1442	31
1443	34
1444	11
1445	41
1446	44
1447	30
1448	13
1449	0
1450	14
1451	11
1452	11
1453	11
1454	0
1455	11
1456	18
1457	46
1458	34
1459	11
1460	34
1461	20
1462	37
1463	3
1464	13
1465	48
1466	0
1467	3
1468	34
1469	38
1470	34
1471	10
1472	35
1473	35
1474	23
1475	37
1476	34
1477	34
1478	34
1479	11
1480	46
1481	34
1482	22
1483	8
1484	34
1485	20
1486	11
1487	20
1488	17
1489	10
1490	32
1491	15
1492	34
1493	47
1494	0
1495	38
1496	10
1497	16
1498	2
1499	42
1500	12
1501	2
1502	28
1503	20
1504	43
1505	35
1506	41
1507	34
1508	2
1509	34
1510	41
1511	34
1512	17
1513	46
1514	20
1515	2
1516	0
1517	45
1518	23
1519	20
1520	0
1521	47
1522	35
1523	48
1524	7
1525	34
1526	23
1527	47
1528	11
1529	21
1530	34
1531	15
1532	20
1533	34
1534	34
1535	45
1536	20
1537	37
1538	34
1539	46
1540	31
1541	39
1542	3
1543	2
1544	7
1545	12
1546	41
1547	0
1548	11
1549	0
1550	17
1551	8
1552	34
1553	34
1554	46
1555	16
1556	45
1557	45
1558	34
1559	22
1560	46
1561	11
1562	23
1563	45
1564	0
1565	11
1566	7
1567	20
1568	41
1569	31
1570	32
1571	11
1572	11
1573	34
1574	45
1575	34
1576	46
1577	45
1578	44
1579	34
1580	34
1581	11
1582	11
1583	26
1584	42
1585	21
1586	18
1587	31
1588	35
1589	20
1590	1
1591	40
1592	15
1593	41
1594	46
1595	11
1596	46
1597	22
1598	9
1599	1
1600	2
1601	32
1602	0
1603	34
1604	6
1605	2
1606	41
1607	34
1608	8
1609	20
1610	25
1611	11
1612	30
1613	11
1614	11
1615	2
1616	2
1617	41
1618	34
1619	31
1620	11
1621	34
1622	35
1623	10
1624	11
1625	32
1626	11
1627	33
1628	45
1629	11
1630	49
1631	43
1632	11
1633	37
1634	30
1635	23
1636	45
1637	0
1638	24
1639	45
1640	15
1641	31
1642	28
1643	20
1644	9
1645	11
1646	24
1647	41
1648	7
1649	28
1650	11
1651	11
1652	34
1653	31
1654	2
1655	11
1656	20
1657	28
1658	11
1659	0
1660	34
1661	20
1662	23
1663	11
1664	47
1665	48
1666	1
1667	31
1668	34
1669	23
1670	13
1671	47
1672	47
1673	34
1674	39
1675	19
1676	20
1677	47
1678	23
1679	27
1680	22
1681	31
1682	35
1683	23
1684	8
1685	11
1686	49
1687	37
1688	3
1689	15
1690	20
1691	43
1692	40
1693	25
1694	38
1695	39
1696	6
1697	5
1698	29
1699	11
1700	18
1701	42
1702	20
1703	20
1704	0
1705	17
1706	15
1707	34
1708	37
1709	0
1710	11
1711	6
1712	11
1713	49
1714	34
1715	42
1716	40
1717	0
1718	11
1719	0
1720	11
1721	22
1722	35
1723	2
1724	20
1725	3
1726	4
1727	20
1728	11
1729	11
1730	34
1731	0
1732	25
1733	7
1734	34
1735	47
1736	24
1737	0
1738	0
1739	31
1740	21
1741	45
1742	35
1743	49
1744	45
1745	28
1746	11
1747	29
1748	7
1749	34
1750	34
1751	21
1752	16
1753	11
1754	37
1755	20
1756	12
1757	18
1758	2
1759	0
1760	11
1761	47
1762	20
1763	24
1764	15
1765	11
1766	8
1767	7
1768	0
1769	20
1770	45
1771	34
1772	23
1773	11
1774	16
1775	2
1776	31
1777	12
1778	37
1779	16
1780	45
1781	34
1782	11
1783	20
1784	20
1785	20
1786	34
1787	11
1788	23
1789	12
1790	41
1791	20
1792	26
1793	2
1794	20
1795	17
1796	17
1797	31
1798	23
1799	48
1800	34
1801	43
1802	48
1803	35
1804	28
1805	48
1806	48
1807	11
1808	34
1809	11
1810	34
1811	21
1812	11
1813	20
1814	45
1815	47
1816	35
1817	20
1818	22
1819	26
1820	11
1821	23
1822	34
1823	15
1824	37
1825	45
1826	0
1827	15
1828	11
1829	45
1830	15
1831	34
1832	15
1833	45
1834	30
1835	33
1836	44
1837	11
1838	3
1839	34
1840	15
1841	44
1842	41
1843	11
1844	23
1845	23
1846	31
1847	34
1848	20
1849	47
1850	46
1851	45
1852	49
1853	15
1854	45
1855	22
1856	45
1857	35
1858	31
1859	28
1860	1
1861	34
1862	17
1863	11
1864	32
1865	2
1866	34
1867	31
1868	31
1869	10
1870	46
1871	34
1872	2
1873	7
1874	1
1875	20
1876	34
1877	45
1878	26
1879	30
1880	0
1881	16
1882	17
1883	14
1884	45
1885	20
1886	47
1887	11
1888	6
1889	16
1890	28
1891	34
1892	11
1893	17
1894	46
1895	43
1896	13
1897	34
1898	14
1899	11
1900	38
1901	2
1902	28
1903	39
1904	31
1905	34
1906	11
1907	37
1908	0
1909	11
1910	34
1911	16
1912	45
1913	34
1914	34
1915	40
1916	35
1917	11
1918	11
1919	12
1920	45
1921	26
1922	20
1923	0
1924	16
1925	33
1926	11
1927	48
1928	11
1929	38
1930	20
1931	23
1932	11
1933	34
1934	11
1935	11
1936	16
1937	35
1938	16
1939	46
1940	4
1941	11
1942	33
1943	23
1944	11
1945	34
1946	16
1947	3
1948	2
1949	35
1950	0
1951	46
1952	20
1953	32
1954	34
1955	20
1956	31
1957	6
1958	7
1959	8
1960	47
1961	32
1962	23
1963	11
1964	20
1965	31
1966	11
1967	48
1968	24
1969	34
1970	0
1971	46
1972	34
1973	33
1974	0
1975	42
1976	31
1977	42
1978	11
1979	5
1980	31
1981	42
1982	4
1983	28
1984	3
1985	34
1986	20
1987	13
1988	34
1989	34
1990	0
1991	0
1992	34
1993	0
1994	37
1995	48
1996	0
1997	29
1998	35
1999	15
2000	34
2001	17
2002	20
2003	45
2004	0
2005	11
2006	31
2007	16
2008	23
2009	28
2010	9
2011	38
2012	47
2013	47
2014	24
2015	1
2016	42
2017	29
2018	34
2019	25
2020	3
2021	48
2022	26
2023	42
2024	3
2025	41
2026	32
2027	34
2028	42
2029	13
2030	41
2031	45
2032	11
2033	34
2034	49
2035	31
2036	11
2037	13
2038	41
2039	34
2040	33
2041	38
2042	11
2043	34
2044	11
2045	23
2046	8
2047	20
2048	31
2049	8
2050	2
2051	11
2052	11
2053	39
2054	22
2055	28
2056	0
2057	0
2058	16
2059	42
2060	11
2061	23
2062	24
2063	43
2064	23
2065	20
2066	7
2067	22
2068	7
2069	32
2070	49
2071	17
2072	33
2073	20
2074	34
2075	0
2076	6
2077	37
2078	47
2079	31
2080	11
2081	37
2082	23
2083	8
2084	37
2085	34
2086	0
2087	1
2088	7
2089	10
2090	22
2091	13
2092	20
2093	7
2094	20
2095	22
2096	37
2097	48
2098	34
2099	9
2100	47
2101	8
2102	35
2103	11
2104	25
2105	32
2106	34
2107	20
2108	28
2109	22
2110	11
2111	0
2112	20
2113	2
2114	23
2115	19
2116	31
2117	46
2118	16
2119	3
2120	7
2121	16
2122	11
2123	33
2124	38
2125	45
2126	37
2127	11
2128	38
2129	11
2130	48
2131	11
2132	11
2133	0
2134	34
2135	42
2136	47
2137	20
2138	31
2139	43
2140	34
2141	23
2142	47
2143	34
2144	38
2145	47
2146	23
2147	9
2148	0
2149	34
2150	11
2151	11
2152	26
2153	31
2154	34
2155	38
2156	46
2157	46
2158	34
2159	11
2160	23
2161	49
2162	3
2163	1
2164	39
2165	2
2166	45
2167	8
2168	34
2169	46
2170	41
2171	16
2172	8
2173	15
2174	38
2175	16
2176	16
2177	32
2178	23
2179	10
2180	14
2181	11
2182	34
2183	34
2184	29
2185	10
2186	42
2187	46
2188	20
2189	15
2190	20
2191	3
2192	20
2193	45
2194	10
2195	20
2196	23
2197	20
2198	0
2199	20
2200	47
2201	0
2202	12
2203	11
2204	16
2205	42
2206	34
2207	32
2208	11
2209	11
2210	43
2211	0
2212	34
2213	37
2214	15
2215	11
2216	11
2217	34
2218	32
2219	20
2220	32
2221	42
2222	39
2223	45
2224	1
2225	45
2226	47
2227	47
2228	34
2229	23
2230	43
2231	26
2232	42
2233	11
2234	37
2235	37
2236	18
2237	0
2238	10
2239	22
2240	7
2241	9
2242	41
2243	13
2244	11
2245	46
2246	43
2247	31
2248	45
2249	0
2250	40
2251	11
2252	20
2253	3
2254	49
2255	37
2256	11
2257	9
2258	40
2259	34
2260	32
2261	10
2262	48
2263	9
2264	10
2265	15
2266	31
2267	34
2268	11
2269	47
2270	21
2271	46
2272	45
2273	20
2274	34
2275	15
2276	11
2277	20
2278	1
2279	23
2280	41
2281	10
2282	34
2283	47
2284	0
2285	34
2286	20
2287	43
2288	20
2289	37
2290	45
2291	34
2292	40
2293	7
2294	34
2295	34
2296	31
2297	23
2298	45
2299	47
2300	34
2301	10
2302	21
2303	19
2304	0
2305	31
2306	32
2307	45
2308	37
2309	41
2310	34
2311	11
2312	45
2313	34
2314	11
2315	46
2316	0
2317	11
2318	45
2319	0
2320	42
2321	23
2322	28
2323	41
2324	11
2325	20
2326	20
2327	11
2328	11
2329	47
2330	23
2331	31
2332	23
2333	9
2334	7
2335	11
2336	47
2337	16
2338	34
2339	33
2340	20
2341	31
2342	11
2343	3
2344	34
2345	45
2346	20
2347	35
2348	7
2349	42
2350	46
2351	11
2352	46
2353	45
2354	7
2355	11
2356	11
2357	34
2358	34
2359	31
2360	11
2361	0
2362	20
2363	11
2364	31
2365	20
2366	20
2367	17
2368	45
2369	7
2370	20
2371	15
2372	11
2373	48
2374	34
2375	18
2376	45
2377	42
2378	20
2379	26
2380	11
2381	0
2382	12
2383	20
2384	34
2385	45
2386	23
2387	20
2388	40
2389	37
2390	23
2391	34
2392	16
2393	47
2394	2
2395	0
2396	31
2397	15
2398	11
2399	20
2400	47
2401	1
2402	22
2403	46
2404	31
2405	37
2406	17
2407	20
2408	46
2409	7
2410	1
2411	34
2412	11
2413	26
2414	34
2415	34
2416	31
2417	11
2418	6
2419	47
2420	47
2421	34
2422	31
2423	3
2424	45
2425	31
2426	37
2427	37
2428	2
2429	20
2430	34
2431	45
2432	20
2433	20
2434	22
2435	6
2436	45
2437	42
2438	20
2439	11
2440	11
2441	11
2442	11
2443	20
2444	10
2445	6
2446	20
2447	15
2448	20
2449	11
2450	45
2451	45
2452	6
2453	38
2454	47
2455	32
2456	39
2457	3
2458	42
2459	45
2460	42
2461	49
2462	47
2463	31
2464	40
2465	35
2466	20
2467	38
2468	45
2469	11
2470	34
2471	28
2472	20
2473	0
2474	34
2475	31
2476	7
2477	43
2478	20
2479	20
2480	17
2481	34
2482	31
2483	12
2484	32
2485	17
2486	31
2487	11
2488	9
2489	11
2490	47
2491	37
2492	45
2493	11
2494	11
2495	16
2496	41
2497	31
2498	11
2499	3
2500	41
2501	11
2502	35
2503	28
2504	20
2505	46
2506	5
2507	20
2508	20
2509	45
2510	20
2511	34
2512	23
2513	34
2514	45
2515	34
2516	11
2517	20
2518	45
2519	31
2520	47
2521	47
2522	49
2523	34
2524	34
2525	17
2526	20
2527	34
2528	4
2529	11
2530	11
2531	34
2532	37
2533	34
2534	31
2535	34
2536	25
2537	34
2538	47
2539	32
2540	37
2541	11
2542	31
2543	14
2544	23
2545	7
2546	17
2547	20
2548	11
2549	7
2550	0
2551	37
2552	20
2553	0
2554	17
2555	11
2556	0
2557	20
2558	48
2559	20
2560	23
2561	2
2562	11
2563	42
2564	9
2565	38
2566	28
2567	20
2568	34
2569	23
2570	47
2571	28
2572	22
2573	31
2574	10
2575	10
2576	11
2577	31
2578	7
2579	0
2580	13
2581	34
2582	12
2583	11
2584	46
2585	31
2586	20
2587	34
2588	16
2589	22
2590	47
2591	1
2592	16
2593	45
2594	3
2595	20
2596	31
2597	20
2598	38
2599	0
2600	34
2601	11
2602	0
2603	23
2604	28
2605	7
2606	7
2607	16
2608	16
2609	34
2610	25
2611	34
2612	11
2613	20
2614	0
2615	31
2616	23
2617	11
2618	46
2619	3
2620	2
2621	11
2622	11
2623	25
2624	45
2625	34
2626	40
2627	41
2628	39
2629	0
2630	7
2631	11
2632	34
2633	8
2634	11
2635	15
2636	0
2637	28
2638	0
2639	11
2640	6
2641	15
2642	16
2643	20
2644	9
2645	20
2646	11
2647	31
2648	35
2649	31
2650	47
2651	31
2652	34
2653	15
2654	20
2655	42
2656	0
2657	0
2658	16
2659	20
2660	37
2661	31
2662	42
2663	1
2664	4
2665	15
2666	34
2667	49
2668	46
2669	16
2670	11
2671	45
2672	11
2673	41
2674	20
2675	16
2676	20
2677	45
2678	25
2679	46
2680	49
2681	20
2682	12
2683	32
2684	49
2685	11
2686	34
2687	42
2688	49
2689	31
2690	25
2691	42
2692	41
2693	45
2694	7
2695	11
2696	34
2697	31
2698	7
2699	32
2700	47
2701	11
2702	31
2703	7
2704	34
2705	20
2706	11
2707	11
2708	11
2709	11
2710	11
2711	47
2712	11
2713	11
2714	45
2715	34
2716	34
2717	37
2718	41
2719	34
2720	34
2721	34
2722	23
2723	42
2724	20
2725	46
2726	47
2727	45
2728	45
2729	38
2730	25
2731	45
2732	41
2733	37
2734	11
2735	7
2736	32
2737	15
2738	11
2739	10
2740	0
2741	45
2742	48
2743	11
2744	38
2745	31
2746	49
2747	38
2748	35
2749	8
2750	37
2751	8
2752	29
2753	37
2754	34
2755	39
2756	17
2757	0
2758	34
2759	31
2760	21
2761	45
2762	11
2763	13
2764	38
2765	46
2766	11
2767	46
2768	46
2769	45
2770	2
2771	22
2772	41
2773	26
2774	11
2775	26
2776	24
2777	41
2778	17
2779	0
2780	25
2781	0
2782	45
2783	32
2784	31
2785	25
2786	32
2787	17
2788	22
2789	22
2790	31
2791	42
2792	27
2793	17
2794	47
2795	42
2796	34
2797	7
2798	34
2799	0
2800	0
2801	23
2802	46
2803	10
2804	7
2805	45
2806	17
2807	22
2808	49
2809	9
2810	34
2811	42
2812	11
2813	3
2814	0
2815	20
2816	2
2817	28
2818	11
2819	43
2820	34
2821	20
2822	34
2823	48
2824	17
2825	17
2826	11
2827	0
2828	11
2829	23
2830	23
2831	17
2832	34
2833	11
2834	34
2835	11
2836	32
2837	7
2838	34
2839	2
2840	18
2841	23
2842	11
2843	15
2844	47
2845	23
2846	35
2847	22
2848	16
2849	11
2850	11
2851	35
2852	23
2853	8
2854	0
2855	31
2856	39
2857	20
2858	32
2859	13
2860	34
2861	46
2862	0
2863	34
2864	47
2865	49
2866	11
2867	22
2868	11
2869	23
2870	11
2871	33
2872	49
2873	7
2874	47
2875	10
2876	20
2877	21
2878	34
2879	28
2880	0
2881	0
2882	0
2883	11
2884	49
2885	45
2886	12
2887	39
2888	16
2889	3
2890	20
2891	47
2892	34
2893	3
2894	44
2895	48
2896	46
2897	46
2898	12
2899	12
2900	40
2901	34
2902	2
2903	0
2904	22
2905	45
2906	39
2907	11
2908	27
2909	47
2910	0
2911	11
2912	8
2913	7
2914	46
2915	41
2916	31
2917	18
2918	22
2919	11
2920	47
2921	47
2922	20
2923	0
2924	11
2925	32
2926	45
2927	25
2928	25
2929	11
2930	32
2931	20
2932	32
2933	9
2934	35
2935	31
2936	15
2937	9
2938	49
2939	20
2940	1
2941	17
2942	22
2943	49
2944	23
2945	46
2946	34
2947	20
2948	20
2949	23
2950	16
2951	0
2952	34
2953	46
2954	11
2955	46
2956	34
2957	0
2958	31
2959	20
2960	17
2961	31
2962	7
2963	34
2964	9
2965	40
2966	2
2967	2
2968	37
2969	11
2970	42
2971	0
2972	32
2973	17
2974	35
2975	11
2976	17
2977	0
2978	15
2979	0
2980	11
2981	45
2982	11
2983	20
2984	18
2985	0
2986	0
2987	35
2988	40
2989	31
2990	11
2991	35
2992	38
2993	39
2994	48
2995	49
2996	20
2997	20
2998	35
2999	12
3000	41
3001	35
3002	15
3003	35
3004	47
3005	42
3006	20
3007	11
3008	47
3009	22
3010	47
3011	1
3012	42
3013	11
3014	45
3015	32
3016	44
3017	34
3018	41
3019	11
3020	47
3021	0
3022	10
3023	41
3024	41
3025	20
3026	22
3027	30
3028	34
3029	6
3030	19
3031	2
3032	34
3033	15
3034	17
3035	23
3036	35
3037	34
3038	11
3039	23
3040	23
3041	11
3042	9
3043	16
3044	0
3045	47
3046	35
3047	31
3048	45
3049	48
3050	20
3051	7
3052	40
3053	48
3054	48
3055	15
3056	42
3057	31
3058	34
3059	45
3060	20
3061	45
3062	45
3063	9
3064	37
3065	44
3066	34
3067	15
3068	31
3069	11
3070	41
3071	35
3072	32
3073	8
3074	11
3075	47
3076	31
3077	15
3078	33
3079	24
3080	8
3081	23
3082	20
3083	10
3084	15
3085	9
3086	0
3087	45
3088	47
3089	23
3090	47
3091	41
3092	20
3093	37
3094	22
3095	23
3096	23
3097	35
3098	23
3099	12
3100	34
3101	34
3102	20
3103	22
3104	23
3105	45
3106	13
3107	34
3108	43
3109	20
3110	46
3111	11
3112	0
3113	11
3114	47
3115	23
3116	25
3117	47
3118	34
3119	2
3120	11
3121	35
3122	11
3123	12
3124	23
3125	31
3126	8
3127	26
3128	23
3129	31
3130	11
3131	11
3132	3
3133	7
3134	45
3135	34
3136	22
3137	31
3138	1
3139	47
3140	41
3141	41
3142	11
3143	41
3144	23
3145	2
3146	15
3147	11
3148	0
3149	10
3150	11
3151	20
3152	46
3153	35
3154	20
3155	22
3156	26
3157	26
3158	45
3159	46
3160	45
3161	27
3162	34
3163	20
3164	23
3165	28
3166	11
3167	22
3168	35
3169	41
3170	23
3171	35
3172	37
3173	7
3174	11
3175	23
3176	7
3177	11
3178	8
3179	34
3180	26
3181	47
3182	15
3183	15
3184	34
3185	34
3186	34
3187	39
3188	0
3189	10
3190	48
3191	15
3192	20
3193	2
3194	42
3195	31
3196	7
3197	3
3198	15
3199	25
3200	37
3201	32
3202	23
3203	9
3204	23
3205	15
3206	48
3207	20
3208	41
3209	41
3210	11
3211	42
3212	34
3213	34
3214	16
3215	9
3216	34
3217	42
3218	7
3219	45
3220	11
3221	0
3222	5
3223	34
3224	17
3225	8
3226	10
3227	46
3228	2
3229	38
3230	20
3231	17
3232	11
3233	20
3234	11
3235	23
3236	31
3237	20
3238	15
3239	34
3240	10
3241	48
3242	34
3243	11
3244	15
3245	20
3246	7
3247	23
3248	23
3249	7
3250	11
3251	17
3252	11
3253	20
3254	47
3255	46
3256	31
3257	21
3258	26
3259	18
3260	37
3261	3
3262	11
3263	48
3264	32
3265	15
3266	23
3267	46
3268	46
3269	26
3270	19
3271	34
3272	35
3273	11
3274	11
3275	16
3276	34
3277	20
3278	26
3279	39
3280	34
3281	38
3282	23
3283	6
3284	34
3285	34
3286	34
3287	31
3288	0
3289	11
3290	5
3291	34
3292	46
3293	0
3294	0
3295	37
3296	34
3297	18
3298	25
3299	16
3300	23
3301	34
3302	16
3303	15
3304	7
3305	11
3306	12
3307	9
3308	23
3309	39
3310	26
3311	21
3312	1
3313	48
3314	47
3315	22
3316	7
3317	31
3318	12
3319	35
3320	23
3321	41
3322	20
3323	11
3324	34
3325	26
3326	42
3327	7
3328	11
3329	42
3330	0
3331	2
3332	15
3333	20
3334	28
3335	23
3336	31
3337	46
3338	2
3339	46
3340	11
3341	20
3342	7
3343	3
3344	16
3345	0
3346	31
3347	3
3348	0
3349	11
3350	34
3351	39
3352	11
3353	31
3354	40
3355	37
3356	9
3357	23
3358	34
3359	10
3360	0
3361	42
3362	0
3363	1
3364	20
3365	43
3366	47
3367	31
3368	46
3369	40
3370	34
3371	11
3372	41
3373	11
3374	11
3375	3
3376	38
3377	34
3378	29
3379	11
3380	20
3381	20
3382	7
3383	11
3384	42
3385	15
3386	11
3387	26
3388	17
3389	27
3390	34
3391	28
3392	29
3393	0
3394	11
3395	31
3396	34
3397	2
3398	39
3399	21
3400	43
3401	48
3402	11
3403	31
3404	31
3405	11
3406	22
3407	0
3408	18
3409	28
3410	48
3411	7
3412	12
3413	9
3414	39
3415	7
3416	32
3417	22
3418	8
3419	34
3420	49
3421	12
3422	37
3423	6
3424	41
3425	31
3426	17
3427	34
3428	40
3429	47
3430	45
3431	47
3432	2
3433	46
3434	22
3435	23
3436	23
3437	35
3438	0
3439	2
3440	22
3441	34
3442	31
3443	46
3444	20
3445	35
3446	20
3447	35
3448	2
3449	0
3450	46
3451	16
3452	48
3453	34
3454	47
3455	15
3456	37
3457	20
3458	41
3459	47
3460	6
3461	31
3462	26
3463	47
3464	31
3465	23
3466	7
3467	21
3468	23
3469	6
3470	23
3471	42
3472	43
3473	18
3474	1
3475	37
3476	31
3477	23
3478	20
3479	16
3480	35
3481	44
3482	22
3483	31
3484	37
3485	8
3486	11
3487	47
3488	43
3489	24
3490	31
3491	22
3492	34
3493	11
3494	34
3495	23
3496	15
3497	39
3498	47
3499	43
3500	23
3501	21
3502	32
3503	7
3504	46
3505	14
3506	20
3507	48
3508	45
3509	38
3510	26
3511	26
3512	7
3513	7
3514	35
3515	42
3516	18
3517	32
3518	8
3519	29
3520	47
3521	45
3522	15
3523	23
3524	12
3525	20
3526	11
3527	47
3528	11
3529	7
3530	42
3531	23
3532	35
3533	45
3534	2
3535	11
3536	32
3537	27
3538	48
3539	31
3540	11
3541	31
3542	34
3543	11
3544	16
3545	16
3546	11
3547	20
3548	28
3549	23
3550	11
3551	45
3552	20
3553	45
3554	10
3555	6
3556	12
3557	37
3558	32
3559	9
3560	6
3561	32
3562	47
3563	47
3564	31
3565	46
3566	35
3567	2
3568	11
3569	0
3570	41
3571	20
3572	23
3573	11
3574	1
3575	20
3576	16
3577	3
3578	47
3579	20
3580	45
3581	34
3582	20
3583	17
3584	7
3585	20
3586	28
3587	39
3588	44
3589	32
3590	18
3591	0
3592	2
3593	45
3594	17
3595	37
3596	3
3597	1
3598	49
3599	23
3600	35
3601	20
3602	46
3603	0
3604	38
3605	37
3606	37
3607	48
3608	49
3609	48
3610	31
3611	35
3612	41
3613	34
3614	45
3615	8
3616	0
3617	48
3618	16
3619	17
3620	11
3621	24
3622	2
3623	19
3624	11
3625	11
3626	7
3627	2
3628	47
3629	11
3630	11
3631	11
3632	17
3633	34
3634	34
3635	47
3636	34
3637	0
3638	25
3639	11
3640	2
3641	34
3642	35
3643	35
3644	34
3645	39
3646	31
3647	19
3648	28
3649	38
3650	22
3651	48
3652	20
3653	34
3654	20
3655	43
3656	15
3657	47
3658	22
3659	11
3660	45
3661	23
3662	38
3663	47
3664	34
3665	31
3666	26
3667	20
3668	10
3669	22
3670	16
3671	46
3672	14
3673	35
3674	37
3675	47
3676	24
3677	31
3678	19
3679	7
3680	40
3681	10
3682	25
3683	41
3684	15
3685	13
3686	0
3687	15
3688	39
3689	45
3690	21
3691	23
3692	12
3693	32
3694	10
3695	23
3696	7
3697	23
3698	47
3699	45
3700	20
3701	8
3702	5
3703	37
3704	20
3705	34
3706	32
3707	0
3708	3
3709	3
3710	12
3711	11
3712	38
3713	39
3714	12
3715	17
3716	20
3717	15
3718	15
3719	11
3720	0
3721	21
3722	34
3723	39
3724	28
3725	45
3726	6
3727	20
3728	47
3729	17
3730	32
3731	11
3732	8
3733	47
3734	38
3735	20
3736	11
3737	23
3738	2
3739	42
3740	20
3741	34
3742	37
3743	12
3744	0
3745	20
3746	15
3747	34
3748	1
3749	49
3750	0
3751	16
3752	41
3753	12
3754	26
3755	0
3756	37
3757	1
3758	28
3759	35
3760	10
3761	34
3762	11
3763	20
3764	11
3765	44
3766	33
3767	8
3768	22
3769	11
3770	28
3771	23
3772	37
3773	20
3774	46
3775	48
3776	34
3777	12
3778	23
3779	31
3780	34
3781	0
3782	11
3783	23
3784	11
3785	11
3786	16
3787	17
3788	23
3789	19
3790	20
3791	34
3792	34
3793	16
3794	34
3795	20
3796	35
3797	20
3798	20
3799	11
3800	11
3801	41
3802	20
3803	34
3804	39
3805	44
3806	47
3807	7
3808	7
3809	35
3810	41
3811	11
3812	49
3813	9
3814	20
3815	20
3816	2
3817	47
3818	17
3819	46
3820	4
3821	25
3822	40
3823	34
3824	2
3825	45
3826	8
3827	15
3828	15
3829	41
3830	28
3831	24
3832	15
3833	12
3834	8
3835	11
3836	45
3837	23
3838	13
3839	13
3840	11
3841	20
3842	35
3843	23
3844	22
3845	15
3846	20
3847	26
3848	0
3849	7
3850	24
3851	15
3852	3
3853	11
3854	0
3855	49
3856	10
3857	22
3858	0
3859	20
3860	20
3861	43
3862	11
3863	31
3864	45
3865	42
3866	34
3867	34
3868	0
3869	23
3870	31
3871	35
3872	20
3873	0
3874	34
3875	4
3876	11
3877	23
3878	0
3879	15
3880	11
3881	16
3882	25
3883	35
3884	32
3885	41
3886	17
3887	15
3888	7
3889	25
3890	11
3891	16
3892	11
3893	47
3894	11
3895	41
3896	0
3897	12
3898	20
3899	10
3900	47
3901	3
3902	35
3903	45
3904	20
3905	23
3906	0
3907	28
3908	11
3909	46
3910	2
3911	3
3912	11
3913	44
3914	37
3915	11
3916	45
3917	45
3918	15
3919	47
3920	35
3921	7
3922	46
3923	20
3924	42
3925	34
3926	12
3927	43
3928	22
3929	34
3930	20
3931	22
3932	42
3933	0
3934	35
3935	23
3936	11
3937	18
3938	20
3939	28
3940	37
3941	0
3942	1
3943	9
3944	22
3945	31
3946	31
3947	20
3948	10
3949	20
3950	22
3951	45
3952	3
3953	20
3954	1
3955	42
3956	11
3957	20
3958	22
3959	20
3960	13
3961	45
3962	48
3963	23
3964	32
3965	45
3966	11
3967	2
3968	9
3969	11
3970	23
3971	15
3972	37
3973	8
3974	0
3975	16
3976	20
3977	11
3978	17
3979	37
3980	37
3981	45
3982	32
3983	0
3984	34
3985	42
3986	49
3987	47
3988	34
3989	12
3990	2
3991	38
3992	10
3993	3
3994	10
3995	35
3996	24
3997	45
3998	49
3999	47
4000	34
4001	20
4002	48
4003	10
4004	28
4005	11
4006	46
4007	11
4008	20
4009	45
4010	3
4011	3
4012	7
4013	1
4014	11
4015	3
4016	34
4017	47
4018	4
4019	28
4020	45
4021	46
4022	11
4023	16
4024	47
4025	12
4026	7
4027	47
4028	20
4029	10
4030	19
4031	49
4032	45
4033	37
4034	31
4035	34
4036	0
4037	15
4038	24
4039	25
4040	42
4041	0
4042	11
4043	31
4044	45
4045	12
4046	38
4047	28
4048	34
4049	0
4050	25
4051	25
4052	32
4053	11
4054	34
4055	6
4056	34
4057	26
4058	11
4059	48
4060	23
4061	29
4062	45
4063	23
4064	0
4065	11
4066	34
4067	46
4068	42
4069	8
4070	34
4071	34
4072	23
4073	20
4074	38
4075	32
4076	1
4077	46
4078	23
4079	42
4080	25
4081	17
4082	19
4083	9
4084	20
4085	32
4086	19
4087	16
4088	23
4089	37
4090	28
4091	26
4092	47
4093	38
4094	20
4095	3
4096	46
4097	11
4098	47
4099	11
4100	41
4101	22
4102	11
4103	11
4104	12
4105	31
4106	34
4107	11
4108	45
4109	1
4110	11
4111	28
4112	12
4113	12
4114	48
4115	1
4116	34
4117	20
4118	35
4119	8
4120	23
4121	10
4122	34
4123	48
4124	45
4125	34
4126	34
4127	10
4128	47
4129	10
4130	37
4131	7
4132	45
4133	34
4134	37
4135	47
4136	32
4137	12
4138	48
4139	11
4140	45
4141	35
4142	11
4143	31
4144	47
4145	3
4146	0
4147	38
4148	34
4149	17
4150	3
4151	34
4152	20
4153	39
4154	11
4155	11
4156	20
4157	45
4158	7
4159	42
4160	34
4161	34
4162	0
4163	11
4164	13
4165	23
4166	36
4167	7
4168	42
4169	15
4170	45
4171	31
4172	45
4173	20
4174	28
4175	11
4176	49
4177	0
4178	0
4179	47
4180	2
4181	11
4182	34
4183	28
4184	31
4185	11
4186	31
4187	47
4188	11
4189	11
4190	16
4191	32
4192	41
4193	11
4194	20
4195	20
4196	0
4197	45
4198	11
4199	34
4200	32
4201	25
4202	20
4203	31
4204	16
4205	34
4206	11
4207	35
4208	11
4209	7
4210	24
4211	34
4212	18
4213	20
4214	24
4215	37
4216	47
4217	49
4218	7
4219	41
4220	35
4221	9
4222	23
4223	0
4224	4
4225	20
4226	20
4227	11
4228	20
4229	0
4230	17
4231	16
4232	15
4233	20
4234	2
4235	4
4236	47
4237	47
4238	47
4239	3
4240	3
4241	11
4242	47
4243	34
4244	20
4245	3
4246	45
4247	48
4248	23
4249	45
4250	40
4251	20
4252	11
4253	34
4254	0
4255	12
4256	11
4257	46
4258	3
4259	34
4260	0
4261	34
4262	10
4263	11
4264	34
4265	49
4266	17
4267	11
4268	1
4269	47
4270	31
4271	20
4272	20
4273	37
4274	36
4275	20
4276	39
4277	23
4278	42
4279	11
4280	20
4281	20
4282	39
4283	17
4284	10
4285	20
4286	35
4287	23
4288	10
4289	45
4290	31
4291	0
4292	34
4293	31
4294	40
4295	37
4296	34
4297	31
4298	9
4299	40
4300	0
4301	39
4302	45
4303	0
4304	23
4305	37
4306	48
4307	34
4308	44
4309	46
4310	11
4311	42
4312	20
4313	45
4314	24
4315	20
4316	3
4317	0
4318	9
4319	37
4320	31
4321	11
4322	23
4323	38
4324	40
4325	2
4326	34
4327	11
4328	11
4329	35
4330	35
4331	39
4332	20
4333	28
4334	11
4335	45
4336	34
4337	20
4338	38
4339	37
4340	5
4341	33
4342	0
4343	37
4344	11
4345	47
4346	10
4347	39
4348	3
4349	21
4350	20
4351	28
4352	20
4353	11
4354	0
4355	20
4356	49
4357	15
4358	38
4359	3
4360	11
4361	11
4362	7
4363	22
4364	31
4365	23
4366	37
4367	34
4368	1
4369	10
4370	48
4371	47
4372	3
4373	47
4374	28
4375	37
4376	25
4377	0
4378	11
4379	26
4380	11
4381	30
4382	12
4383	12
4384	23
4385	3
4386	34
4387	11
4388	34
4389	11
4390	20
4391	34
4392	0
4393	34
4394	11
4395	11
4396	17
4397	34
4398	46
4399	32
4400	7
4401	25
4402	15
4403	29
4404	37
4405	31
4406	21
4407	37
4408	11
4409	37
4410	22
4411	28
4412	3
4413	43
4414	11
4415	31
4416	11
4417	9
4418	23
4419	45
4420	21
4421	31
4422	34
4423	20
4424	34
4425	23
4426	31
4427	31
4428	22
4429	34
4430	0
4431	32
4432	3
4433	35
4434	11
4435	7
4436	11
4437	34
4438	34
4439	23
4440	20
4441	48
4442	29
4443	27
4444	48
4445	34
4446	46
4447	32
4448	20
4449	20
4450	0
4451	46
4452	43
4453	26
4454	32
4455	37
4456	38
4457	11
4458	11
4459	11
4460	31
4461	41
4462	7
4463	34
4464	39
4465	32
4466	39
4467	8
4468	31
4469	45
4470	41
4471	3
4472	26
4473	47
4474	8
4475	45
4476	14
4477	23
4478	9
4479	15
4480	45
4481	35
4482	24
4483	28
4484	3
4485	34
4486	11
4487	35
4488	45
4489	46
4490	25
4491	37
4492	46
4493	11
4494	35
4495	40
4496	34
4497	34
4498	39
4499	13
4500	39
4501	14
4502	26
4503	29
4504	22
4505	10
4506	20
4507	15
4508	34
4509	23
4510	9
4511	15
4512	34
4513	39
4514	28
4515	17
4516	39
4517	38
4518	11
4519	41
4520	11
4521	0
4522	34
4523	31
4524	16
4525	10
4526	0
4527	47
4528	12
4529	45
4530	11
4531	11
4532	11
4533	23
4534	45
4535	34
4536	14
4537	11
4538	20
4539	23
4540	11
4541	11
4542	11
4543	11
4544	31
4545	3
4546	20
4547	11
4548	0
4549	49
4550	31
4551	11
4552	31
4553	26
4554	37
4555	8
4556	23
4557	34
4558	20
4559	35
4560	23
4561	49
4562	47
4563	11
4564	37
4565	37
4566	41
4567	34
4568	11
4569	11
4570	7
4571	44
4572	13
4573	23
4574	23
4575	20
4576	34
4577	31
4578	48
4579	23
4580	34
4581	0
4582	49
4583	23
4584	39
4585	2
4586	41
4587	20
4588	46
4589	46
4590	11
4591	7
4592	31
4593	38
4594	3
4595	0
4596	20
4597	0
4598	15
4599	0
4600	33
4601	23
4602	35
4603	35
4604	9
4605	11
4606	45
4607	11
4608	15
4609	34
4610	20
4611	47
4612	23
4613	15
4614	22
4615	11
4616	20
4617	0
4618	45
4619	26
4620	7
4621	11
4622	11
4623	34
4624	41
4625	45
4626	20
4627	46
4628	9
4629	9
4630	11
4631	0
4632	47
4633	0
4634	45
4635	0
4636	7
4637	37
4638	20
4639	13
4640	34
4641	34
4642	37
4643	11
4644	31
4645	43
4646	7
4647	40
4648	28
4649	20
4650	38
4651	32
4652	20
4653	1
4654	0
4655	17
4656	34
4657	34
4658	8
4659	31
4660	45
4661	31
4662	47
4663	10
4664	11
4665	21
4666	47
4667	28
4668	34
4669	34
4670	0
4671	34
4672	8
4673	41
4674	33
4675	20
4676	31
4677	31
4678	17
4679	49
4680	46
4681	47
4682	45
4683	20
4684	11
4685	31
4686	7
4687	11
4688	11
4689	37
4690	34
4691	47
4692	35
4693	15
4694	23
4695	11
4696	47
4697	9
4698	35
4699	34
4700	33
4701	23
4702	34
4703	3
4704	34
4705	20
4706	31
4707	24
4708	31
4709	7
4710	49
4711	20
4712	0
4713	0
4714	45
4715	34
4716	34
4717	38
4718	32
4719	0
4720	12
4721	32
4722	11
4723	47
4724	4
4725	35
4726	16
4727	41
4728	32
4729	7
4730	46
4731	42
4732	34
4733	31
4734	16
4735	11
4736	11
4737	15
4738	45
4739	10
4740	18
4741	11
4742	9
4743	11
4744	34
4745	31
4746	49
4747	34
4748	11
4749	46
4750	34
4751	31
4752	45
4753	31
4754	7
4755	0
4756	20
4757	40
4758	34
4759	34
4760	23
4761	45
4762	20
4763	18
4764	41
4765	42
4766	28
4767	11
4768	20
4769	45
4770	34
4771	43
4772	41
4773	23
4774	7
4775	45
4776	18
4777	9
4778	6
4779	11
4780	22
4781	32
4782	32
4783	46
4784	11
4785	15
4786	22
4787	41
4788	8
4789	20
4790	47
4791	0
4792	2
4793	10
4794	14
4795	11
4796	11
4797	20
4798	22
4799	7
4800	39
4801	17
4802	3
4803	34
4804	23
4805	37
4806	42
4807	43
4808	26
4809	46
4810	45
4811	39
4812	11
4813	49
4814	11
4815	40
4816	8
4817	0
4818	16
4819	34
4820	20
4821	12
4822	35
4823	8
4824	49
4825	35
4826	26
4827	15
4828	20
4829	22
4830	34
4831	11
4832	37
4833	35
4834	31
4835	7
4836	20
4837	41
4838	11
4839	41
4840	45
4841	49
4842	20
4843	11
4844	43
4845	45
4846	17
4847	42
4848	31
4849	45
4850	17
4851	37
4852	0
4853	32
4854	47
4855	34
4856	0
4857	17
4858	45
4859	30
4860	22
4861	16
4862	41
4863	34
4864	20
4865	34
4866	31
4867	23
4868	0
4869	23
4870	34
4871	29
4872	11
4873	34
4874	16
4875	11
4876	21
4877	31
4878	35
4879	26
4880	43
4881	12
4882	15
4883	34
4884	47
4885	3
4886	45
4887	0
4888	11
4889	1
4890	40
4891	16
4892	34
4893	38
4894	35
4895	23
4896	21
4897	7
4898	1
4899	41
4900	22
4901	46
4902	45
4903	0
4904	11
4905	34
4906	37
4907	22
4908	34
4909	49
4910	28
4911	23
4912	31
4913	40
4914	32
4915	34
4916	31
4917	31
4918	11
4919	42
4920	17
4921	31
4922	37
4923	31
4924	18
4925	16
4926	37
4927	34
4928	23
4929	32
4930	11
4931	49
4932	17
4933	34
4934	1
4935	34
4936	20
4937	16
4938	16
4939	41
4940	43
4941	0
4942	33
4943	43
4944	15
4945	28
4946	31
4947	11
4948	43
4949	25
4950	16
4951	28
4952	34
4953	47
4954	16
4955	15
4956	40
4957	45
4958	45
4959	15
4960	31
4961	11
4962	34
4963	34
4964	38
4965	41
4966	11
4967	38
4968	20
4969	35
4970	47
4971	21
4972	16
4973	8
4974	47
4975	41
4976	41
4977	3
4978	45
4979	45
4980	34
4981	15
4982	23
4983	11
4984	34
4985	31
4986	22
4987	32
4988	34
4989	11
4990	23
4991	37
4992	4
4993	49
4994	38
4995	45
4996	34
4997	8
4998	34
4999	34
5000	28
5001	7
5002	31
5003	24
5004	11
5005	7
5006	7
5007	14
5008	0
5009	45
5010	40
5011	17
5012	47
5013	41
5014	45
5015	31
5016	31
5017	17
5018	21
5019	11
5020	11
5021	42
5022	34
5023	23
5024	42
5025	31
5026	38
5027	38
5028	11
5029	42
5030	16
5031	31
5032	47
5033	46
5034	8
5035	11
5036	41
5037	11
5038	14
5039	8
5040	7
5041	8
5042	37
5043	11
5044	11
5045	38
5046	29
5047	34
5048	9
5049	31
5050	34
5051	47
5052	7
5053	49
5054	11
5055	37
5056	41
5057	9
5058	34
5059	34
5060	31
5061	34
5062	18
5063	3
5064	47
5065	34
5066	33
5067	45
5068	23
5069	40
5070	45
5071	31
5072	20
5073	37
5074	17
5075	32
5076	37
5077	43
5078	16
5079	9
5080	45
5081	34
5082	21
5083	26
5084	37
5085	0
5086	3
5087	31
5088	8
5089	41
5090	7
5091	42
5092	5
5093	11
5094	48
5095	39
5096	47
5097	31
5098	37
5099	40
5100	16
5101	46
5102	31
5103	29
5104	46
5105	17
5106	35
5107	23
5108	34
5109	11
5110	45
5111	34
5112	16
5113	42
5114	20
5115	20
5116	16
5117	34
5118	49
5119	45
5120	46
5121	35
5122	31
5123	26
5124	11
5125	20
5126	15
5127	37
5128	2
5129	37
5130	35
5131	23
5132	9
5133	45
5134	38
5135	2
5136	11
5137	11
5138	11
5139	34
5140	15
5141	20
5142	34
5143	0
5144	11
5145	8
5146	20
5147	11
5148	0
5149	41
5150	16
5151	11
5152	34
5153	16
5154	20
5155	21
5156	7
5157	17
5158	41
5159	22
5160	20
5161	46
5162	15
5163	11
5164	40
5165	3
5166	11
5167	20
5168	20
5169	37
5170	49
5171	20
5172	17
5173	20
5174	38
5175	37
5176	32
5177	7
5178	47
5179	22
5180	37
5181	34
5182	20
5183	20
5184	11
5185	16
5186	23
5187	7
5188	0
5189	31
5190	15
5191	20
5192	47
5193	7
5194	34
5195	34
5196	45
5197	48
5198	0
5199	34
5200	2
5201	46
5202	47
5203	35
5204	31
5205	11
5206	11
5207	34
5208	11
5209	35
5210	20
5211	22
5212	25
5213	34
5214	49
5215	46
5216	11
5217	2
5218	47
5219	45
5220	0
5221	45
5222	3
5223	20
5224	35
5225	46
5226	17
5227	0
5228	42
5229	45
5230	11
5231	40
5232	34
5233	23
5234	23
5235	20
5236	20
5237	11
5238	15
5239	11
5240	31
5241	10
5242	32
5243	46
5244	41
5245	17
5246	37
5247	17
5248	4
5249	7
5250	11
5251	31
5252	17
5253	7
5254	11
5255	22
5256	38
5257	43
5258	0
5259	23
5260	9
5261	16
5262	35
5263	18
5264	23
5265	43
5266	34
5267	23
5268	37
5269	28
5270	22
5271	31
5272	34
5273	1
5274	49
5275	38
5276	15
5277	20
5278	49
5279	49
5280	11
5281	29
5282	34
5283	7
5284	34
5285	15
5286	22
5287	11
5288	23
5289	20
5290	45
5291	34
5292	8
5293	3
5294	37
5295	31
5296	34
5297	32
5298	6
5299	45
5300	20
5301	34
5302	31
5303	34
5304	30
5305	34
5306	34
5307	31
5308	20
5309	33
5310	3
5311	39
5312	11
5313	17
5314	37
5315	16
5316	32
5317	34
5318	11
5319	49
5320	31
5321	33
5322	31
5323	37
5324	3
5325	6
5326	11
5327	16
5328	45
5329	49
5330	35
5331	22
5332	15
5333	7
5334	22
5335	23
5336	17
5337	9
5338	31
5339	2
5340	11
5341	8
5342	35
5343	20
5344	49
5345	46
5346	20
5347	16
5348	34
5349	0
5350	34
5351	24
5352	11
5353	37
5354	34
5355	3
5356	26
5357	48
5358	15
5359	33
5360	47
5361	16
5362	11
5363	18
5364	0
5365	45
5366	34
5367	20
5368	28
5369	0
5370	7
5371	11
5372	11
5373	20
5374	47
5375	34
5376	31
5377	47
5378	10
5379	33
5380	20
5381	35
5382	28
5383	11
5384	0
5385	41
5386	33
5387	41
5388	35
5389	28
5390	34
5391	45
5392	11
5393	42
5394	35
5395	3
5396	1
5397	23
5398	37
5399	34
5400	35
5401	11
5402	34
5403	11
5404	28
5405	28
5406	47
5407	31
5408	31
5409	11
5410	28
5411	7
5412	20
5413	23
5414	41
5415	41
5416	49
5417	31
5418	10
5419	46
5420	26
5421	41
5422	37
5423	0
5424	17
5425	26
5426	8
5427	45
5428	20
5429	38
5430	23
5431	11
5432	34
5433	16
5434	15
5435	12
5436	11
5437	16
5438	17
5439	41
5440	17
5441	3
5442	16
5443	46
5444	32
5445	38
5446	7
5447	3
5448	34
5449	22
5450	18
5451	37
5452	46
5453	31
5454	34
5455	43
5456	17
5457	11
5458	8
5459	11
5460	28
5461	46
5462	7
5463	34
5464	35
5465	10
5466	45
5467	33
5468	34
5469	20
5470	20
5471	37
5472	37
5473	20
5474	24
5475	32
5476	45
5477	35
5478	31
5479	47
5480	32
5481	15
5482	47
5483	32
5484	42
5485	18
5486	7
5487	34
5488	23
5489	38
5490	0
5491	15
5492	31
5493	25
5494	15
5495	0
5496	4
5497	35
5498	45
5499	11
5500	0
5501	31
5502	47
5503	14
5504	9
5505	7
5506	11
5507	45
5508	42
5509	43
5510	3
5511	38
5512	2
5513	0
5514	33
5515	39
5516	7
5517	34
5518	43
5519	11
5520	41
5521	11
5522	8
5523	10
5524	20
5525	34
5526	47
5527	16
5528	28
5529	7
5530	17
5531	29
5532	7
5533	31
5534	7
5535	48
5536	0
5537	16
5538	11
5539	42
5540	15
5541	34
5542	4
5543	34
5544	11
5545	16
5546	35
5547	12
5548	35
5549	8
5550	47
5551	0
5552	35
5553	15
5554	37
5555	20
5556	11
5557	38
5558	41
5559	16
5560	39
5561	42
5562	12
5563	7
5564	15
5565	17
5566	22
5567	42
5568	9
5569	11
5570	46
5571	34
5572	1
5573	45
5574	17
5575	46
5576	34
5577	8
5578	0
5579	0
5580	34
5581	34
5582	11
5583	0
5584	22
5585	38
5586	41
5587	22
5588	43
5589	23
5590	2
5591	42
5592	9
5593	7
5594	15
5595	31
5596	41
5597	26
5598	11
5599	42
5600	34
5601	31
5602	0
5603	45
5604	11
5605	23
5606	30
5607	8
5608	17
5609	47
5610	42
5611	37
5612	10
5613	28
5614	7
5615	26
5616	22
5617	17
5618	22
5619	40
5620	20
5621	17
5622	18
5623	7
5624	45
5625	45
5626	9
5627	11
5628	13
5629	20
5630	23
5631	0
5632	34
5633	37
5634	34
5635	14
5636	37
5637	12
5638	46
5639	46
5640	22
5641	2
5642	35
5643	20
5644	23
5645	8
5646	28
5647	37
5648	11
5649	2
5650	7
5651	3
5652	20
5653	17
5654	45
5655	48
5656	39
5657	23
5658	0
5659	29
5660	3
5661	11
5662	47
5663	49
5664	11
5665	31
5666	0
5667	4
5668	37
5669	16
5670	46
5671	10
5672	41
5673	34
5674	24
5675	37
5676	25
5677	34
5678	23
5679	45
5680	23
5681	6
5682	31
5683	22
5684	0
5685	34
5686	34
5687	11
5688	20
5689	11
5690	28
5691	28
5692	20
5693	22
5694	41
5695	31
5696	41
5697	42
5698	2
5699	42
5700	45
5701	22
5702	23
5703	20
5704	47
5705	34
5706	0
5707	35
5708	28
5709	25
5710	32
5711	11
5712	10
5713	31
5714	43
5715	2
5716	46
5717	11
5718	10
5719	34
5720	49
5721	20
5722	23
5723	47
5724	20
5725	28
5726	8
5727	34
5728	17
5729	23
5730	1
5731	23
5732	20
5733	34
5734	31
5735	31
5736	18
5737	47
5738	35
5739	21
5740	23
5741	8
5742	7
5743	20
5744	41
5745	35
5746	32
5747	40
5748	34
5749	17
5750	46
5751	33
5752	34
5753	42
5754	9
5755	13
5756	31
5757	38
5758	0
5759	39
5760	31
5761	16
5762	17
5763	22
5764	11
5765	34
5766	23
5767	32
5768	48
5769	17
5770	35
5771	26
5772	2
5773	11
5774	37
5775	34
5776	11
5777	48
5778	8
5779	1
5780	12
5781	34
5782	46
5783	46
5784	32
5785	11
5786	49
5787	5
5788	11
5789	35
5790	42
5791	20
5792	11
5793	48
5794	34
5795	20
5796	11
5797	17
5798	41
5799	23
5800	46
5801	8
5802	34
5803	49
5804	44
5805	35
5806	0
5807	7
5808	11
5809	11
5810	34
5811	20
5812	31
5813	23
5814	20
5815	22
5816	12
5817	15
5818	32
5819	37
5820	11
5821	23
5822	34
5823	36
5824	15
5825	23
5826	34
5827	31
5828	23
5829	24
5830	16
5831	31
5832	49
5833	18
5834	47
5835	31
5836	35
5837	16
5838	7
5839	12
5840	29
5841	45
5842	22
5843	8
5844	35
5845	10
5846	0
5847	45
5848	42
5849	16
5850	31
5851	37
5852	17
5853	48
5854	11
5855	23
5856	47
5857	31
5858	11
5859	23
5860	47
5861	0
5862	15
5863	2
5864	45
5865	28
5866	2
5867	20
5868	34
5869	8
5870	45
5871	6
5872	42
5873	45
5874	11
5875	47
5876	46
5877	18
5878	7
5879	13
5880	17
5881	40
5882	0
5883	46
5884	31
5885	3
5886	34
5887	0
5888	34
5889	34
5890	11
5891	31
5892	34
5893	7
5894	3
5895	11
5896	35
5897	49
5898	34
5899	39
5900	11
5901	41
5902	46
5903	42
5904	23
5905	31
5906	26
5907	43
5908	1
5909	34
5910	11
5911	49
5912	47
5913	16
5914	0
5915	3
5916	49
5917	47
5918	32
5919	11
5920	34
5921	46
5922	47
5923	11
5924	0
5925	31
5926	34
5927	47
5928	47
5929	32
5930	46
5931	11
5932	34
5933	16
5934	31
5935	11
5936	34
5937	37
5938	45
5939	43
5940	15
5941	16
5942	47
5943	17
5944	35
5945	14
5946	9
5947	32
5948	22
5949	46
5950	11
5951	42
5952	15
5953	31
5954	46
5955	33
5956	11
5957	0
5958	11
5959	45
5960	31
5961	45
5962	42
5963	6
5964	45
5965	41
5966	47
5967	23
5968	31
5969	16
5970	11
5971	16
5972	17
5973	10
5974	45
5975	45
5976	15
5977	41
5978	0
5979	0
5980	0
5981	17
5982	31
5983	0
5984	34
5985	3
5986	38
5987	24
5988	47
5989	15
5990	34
5991	38
5992	16
5993	29
5994	40
5995	34
5996	20
5997	0
5998	3
5999	45
6000	20
6001	12
6002	38
6003	11
6004	41
6005	41
6006	0
6007	29
6008	11
6009	22
6010	45
6011	45
6012	22
6013	47
6014	3
6015	3
6016	42
6017	47
6018	20
6019	20
6020	11
6021	35
6022	45
6023	41
6024	47
6025	11
6026	42
6027	13
6028	16
6029	11
6030	41
6031	43
