item_id	tag_id
0	29
1	29
2	29
3	29
4	29
5	8
6	29
7	29
8	29
9	29
10	29
11	29
12	29
13	0
14	8
15	8
16	29
17	29
18	29
19	29
20	29
21	29
22	29
23	29
24	8
25	29
26	29
27	8
28	8
29	29
30	29
31	42
32	29
33	29
34	42
35	29
36	42
37	8
38	8
39	8
40	8
41	29
42	29
43	29
44	29
45	29
46	29
47	29
48	29
49	29
50	29
51	29
52	29
53	29
54	8
55	29
56	29
57	29
58	8
59	29
60	35
61	0
62	29
63	29
64	29
65	35
66	29
67	29
68	29
69	29
70	8
71	29
72	8
73	29
74	29
75	29
76	29
77	29
78	29
79	29
80	29
81	42
82	8
83	29
84	29
85	29
86	29
87	29
88	8
89	29
90	29
91	29
92	29
93	35
94	35
95	8
96	35
97	29
98	29
99	29
100	29
101	29
102	29
103	8
104	8
105	29
106	29
107	29
108	29
109	29
110	29
111	29
112	29
113	29
114	29
115	29
116	29
117	8
118	29
119	36
120	29
121	29
122	29
123	29
124	29
125	36
126	29
127	29
128	29
129	29
130	29
131	29
132	29
133	29
134	29
135	8
136	8
137	29
138	29
139	29
140	29
141	8
142	29
143	8
144	29
145	29
146	35
147	29
148	29
149	29
150	8
151	29
152	29
153	29
154	29
155	29
156	29
157	29
158	29
159	29
160	29
161	29
162	29
163	29
164	29
165	29
166	29
167	29
168	29
169	29
170	42
171	29
172	29
173	29
174	29
175	8
176	29
177	29
178	8
179	29
180	35
181	35
182	29
183	29
184	8
185	29
186	29
187	8
188	29
189	29
190	29
191	29
192	29
193	29
194	29
195	42
196	29
197	29
198	29
199	29
200	29
201	29
202	29
203	8
204	42
205	29
206	29
207	29
208	29
209	29
210	8
211	29
212	29
213	29
214	29
215	8
216	29
217	29
218	8
219	8
220	29
221	29
222	36
223	29
224	29
225	8
226	29
227	29
228	8
229	29
230	42
231	8
232	29
233	29
234	29
235	8
236	29
237	29
238	29
239	29
240	36
241	35
242	29
243	29
244	29
245	29
246	29
247	29
248	29
249	29
250	29
251	0
252	29
253	29
254	29
255	29
256	29
257	8
258	29
259	29
260	29
261	8
262	29
263	8
264	8
265	29
266	29
267	29
268	29
269	8
270	35
271	29
272	8
273	8
274	29
275	35
276	29
277	29
278	29
279	29
280	29
281	29
282	29
283	8
284	29
285	29
286	29
287	29
288	29
289	29
290	29
291	35
292	29
293	8
294	8
295	29
296	29
297	29
298	8
299	29
300	29
301	29
302	42
303	29
304	29
305	29
306	29
307	35
308	29
309	29
310	8
311	8
312	29
313	42
314	29
315	29
316	8
317	29
318	8
319	8
320	8
321	8
322	29
323	0
324	29
325	8
326	29
327	29
328	29
329	0
330	0
331	8
332	29
333	8
334	36
335	29
336	8
337	8
338	8
339	8
340	29
341	8
342	8
343	29
344	29
345	29
346	29
347	29
348	36
349	42
350	29
351	29
352	29
353	29
354	29
355	29
356	29
357	29
358	29
359	29
360	29
361	29
362	29
363	29
364	29
365	29
366	29
367	29
368	29
369	29
370	29
371	29
372	29
373	29
374	29
375	29
376	8
377	29
378	29
379	29
380	29
381	29
382	8
383	29
384	29
385	29
386	29
387	29
388	29
389	29
390	29
391	29
392	29
393	42
394	8
395	29
396	29
397	8
398	29
399	29
400	29
401	29
402	29
403	29
404	29
405	29
406	29
407	8
408	36
409	29
410	29
411	8
412	8
413	42
414	29
415	8
416	42
417	29
418	29
419	8
420	0
421	0
422	29
423	29
424	29
425	29
426	29
427	8
428	29
429	8
430	29
431	29
432	29
433	29
434	29
435	29
436	8
437	8
438	29
439	29
440	29
441	29
442	29
443	29
444	29
445	8
446	29
447	29
448	29
449	29
450	29
451	29
452	29
453	29
454	29
455	29
456	14
457	14
458	14
459	8
460	29
461	29
462	29
463	29
464	29
465	29
466	29
467	29
468	29
469	29
470	8
471	29
472	29
473	3
474	29
475	8
476	29
477	29
478	29
479	29
480	29
481	29
482	29
483	8
484	8
485	29
486	29
487	29
488	29
489	29
490	29
491	29
492	29
493	36
494	8
495	29
496	29
497	8
498	29
499	8
500	29
501	29
502	8
503	8
504	8
505	36
506	29
507	8
508	8
509	8
510	8
511	29
512	8
513	8
514	8
515	29
516	8
517	36
518	36
519	36
520	8
521	29
522	31
523	29
524	29
525	29
526	29
527	36
528	8
529	29
530	8
531	3
532	31
533	8
534	29
535	8
536	8
537	29
538	29
539	29
540	29
541	29
542	29
543	29
544	29
545	29
546	0
547	29
548	29
549	29
550	29
551	29
552	29
553	29
554	29
555	29
556	29
557	8
558	29
559	29
560	29
561	29
562	29
563	8
564	8
565	29
566	29
567	29
568	29
569	29
570	8
571	29
572	29
573	8
574	36
575	8
576	8
577	36
578	8
579	29
580	29
581	29
582	29
583	8
584	8
585	36
586	29
587	8
588	42
589	8
590	29
591	29
592	29
593	45
594	29
595	29
596	29
597	29
598	19
599	29
600	8
601	0
602	29
603	8
604	29
605	29
606	8
607	29
608	36
609	8
610	8
611	36
612	8
613	29
614	29
615	29
616	8
617	29
618	29
619	29
620	29
621	29
622	29
623	29
624	29
625	29
626	29
627	29
628	29
629	36
630	29
631	29
632	29
633	29
634	29
635	29
636	29
637	29
638	29
639	29
640	29
641	29
642	29
643	29
644	29
645	29
646	8
647	29
648	29
649	29
650	29
651	8
652	29
653	29
654	29
655	8
656	8
657	29
658	29
659	29
660	29
661	29
662	29
663	8
664	8
665	29
666	29
667	29
668	8
669	8
670	8
671	29
672	8
673	29
674	8
675	29
676	29
677	29
678	8
679	8
680	8
681	29
682	8
683	29
684	8
685	8
686	8
687	29
688	29
689	8
690	8
691	29
692	29
693	8
694	29
695	29
696	29
697	8
698	29
699	8
700	29
701	8
702	8
703	29
704	29
705	29
706	8
707	36
708	29
709	29
710	29
711	8
712	29
713	29
714	29
715	8
716	29
717	29
718	29
719	29
720	29
721	29
722	29
723	8
724	29
725	35
726	8
727	8
728	29
729	29
730	29
731	8
732	29
733	29
734	35
735	8
736	35
737	8
738	29
739	29
740	29
741	29
742	29
743	29
744	8
745	29
746	29
747	29
748	29
749	29
750	35
751	8
752	29
753	29
754	29
755	29
756	36
757	29
758	29
759	8
760	29
761	8
762	35
763	8
764	8
765	29
766	29
767	29
768	8
769	8
770	29
771	29
772	29
773	29
774	8
775	29
776	29
777	29
778	29
779	35
780	29
781	8
782	29
783	29
784	29
785	29
786	29
787	35
788	29
789	8
790	29
791	29
792	29
793	29
794	8
795	29
796	29
797	29
798	0
799	0
800	29
801	29
802	29
803	29
804	0
805	35
806	29
807	0
808	29
809	29
810	8
811	29
812	8
813	29
814	8
815	29
816	8
817	29
818	29
819	29
820	29
821	29
822	29
823	29
824	29
825	29
826	29
827	8
828	29
829	29
830	29
831	29
832	8
833	29
834	8
835	29
836	29
837	29
838	29
839	29
840	29
841	29
842	29
843	29
844	29
845	29
846	42
847	8
848	29
849	29
850	29
851	8
852	8
853	29
854	29
855	36
856	8
857	29
858	8
859	8
860	29
861	29
862	29
863	29
864	29
865	29
866	29
867	29
868	8
869	36
870	29
871	29
872	8
873	29
874	29
875	29
876	29
877	29
878	8
879	29
880	8
881	8
882	29
883	8
884	3
885	8
886	8
887	8
888	29
889	29
890	29
891	8
892	8
893	29
894	29
895	42
896	29
897	29
898	8
899	29
900	8
901	29
902	3
903	29
904	29
905	8
906	29
907	8
908	8
909	29
910	29
911	36
912	29
913	8
914	8
915	29
916	8
917	29
918	36
919	29
920	8
921	8
922	29
923	29
924	8
925	29
926	8
927	29
928	29
929	29
930	8
931	29
932	29
933	29
934	8
935	29
936	29
937	8
938	0
939	8
940	29
941	29
942	29
943	8
944	29
945	29
946	29
947	29
948	29
949	29
950	29
951	8
952	29
953	29
954	29
955	8
956	8
957	29
958	8
959	29
960	29
961	29
962	29
963	29
964	29
965	8
966	8
967	29
968	8
969	29
970	29
971	29
972	29
973	29
974	29
975	29
976	8
977	29
978	29
979	29
980	8
981	8
982	29
983	29
984	29
985	8
986	29
987	29
988	8
989	29
990	36
991	29
992	8
993	29
994	8
995	8
996	29
997	29
998	8
999	8
1000	29
1001	29
1002	29
1003	8
1004	29
1005	29
1006	8
1007	8
1008	8
1009	8
1010	29
1011	29
1012	29
1013	29
1014	29
1015	8
1016	29
1017	29
1018	29
1019	29
1020	29
1021	8
1022	8
1023	29
1024	29
1025	8
1026	8
1027	29
1028	29
1029	8
1030	29
1031	8
1032	29
1033	8
1034	29
1035	29
1036	29
1037	8
1038	29
1039	29
1040	29
1041	29
1042	29
1043	29
1044	29
1045	29
1046	29
1047	29
1048	29
1049	29
1050	29
1051	29
1052	29
1053	29
1054	29
1055	29
1056	29
1057	29
1058	29
1059	29
1060	35
1061	29
1062	29
1063	29
1064	29
1065	29
1066	29
1067	29
1068	29
1069	29
1070	29
1071	29
1072	29
1073	29
1074	29
1075	29
1076	29
1077	29
1078	8
1079	29
1080	29
1081	29
1082	29
1083	29
1084	8
1085	29
1086	8
1087	16
1088	29
1089	8
1090	8
1091	29
1092	0
1093	8
1094	29
1095	16
1096	29
1097	8
1098	8
1099	29
1100	29
1101	29
1102	29
1103	29
1104	8
1105	8
1106	29
1107	8
1108	29
1109	29
1110	29
1111	8
1112	36
1113	36
1114	8
1115	29
1116	8
1117	0
1118	0
1119	0
1120	29
1121	29
1122	29
1123	29
1124	8
1125	29
1126	29
1127	29
1128	8
1129	8
1130	8
1131	0
1132	29
1133	29
1134	8
1135	8
1136	29
1137	29
1138	29
1139	29
1140	29
1141	29
1142	29
1143	29
1144	29
1145	29
1146	29
1147	42
1148	29
1149	8
1150	29
1151	8
1152	29
1153	8
1154	29
1155	29
1156	8
1157	29
1158	29
1159	29
1160	29
1161	40
1162	29
1163	29
1164	29
1165	29
1166	8
1167	29
1168	29
1169	8
1170	8
1171	29
1172	8
1173	29
1174	29
1175	8
1176	29
1177	8
1178	29
1179	36
1180	8
1181	29
1182	29
1183	8
1184	29
1185	29
1186	8
1187	8
1188	29
1189	29
1190	29
1191	29
1192	8
1193	29
1194	29
1195	8
1196	29
1197	8
1198	29
1199	29
1200	29
1201	29
1202	29
1203	29
1204	29
1205	29
1206	29
1207	8
1208	29
1209	8
1210	29
1211	8
1212	29
1213	29
1214	29
1215	29
1216	29
1217	8
1218	8
1219	29
1220	29
1221	29
1222	29
1223	29
1224	8
1225	29
1226	29
1227	29
1228	29
1229	29
1230	29
1231	8
1232	29
1233	29
1234	29
1235	29
1236	29
1237	29
1238	29
1239	29
1240	29
1241	8
1242	20
1243	29
1244	0
1245	29
1246	29
1247	8
1248	29
1249	8
1250	29
1251	29
1252	8
1253	29
1254	29
1255	29
1256	8
1257	36
1258	29
1259	8
1260	29
1261	29
1262	29
1263	8
1264	8
1265	8
1266	8
1267	29
1268	29
1269	29
1270	29
1271	29
1272	29
1273	8
1274	29
1275	8
1276	29
1277	29
1278	29
1279	29
1280	8
1281	29
1282	29
1283	29
1284	29
1285	29
1286	29
1287	29
1288	29
1289	29
1290	29
1291	8
1292	29
1293	29
1294	29
1295	8
1296	29
1297	8
1298	29
1299	8
1300	29
1301	29
1302	8
1303	29
1304	29
1305	36
1306	29
1307	29
1308	8
1309	29
1310	29
1311	29
1312	8
1313	29
1314	29
1315	29
1316	29
1317	29
1318	29
1319	29
1320	29
1321	29
1322	29
1323	29
1324	29
1325	29
1326	29
1327	29
1328	29
1329	29
1330	29
1331	29
1332	29
1333	8
1334	29
1335	29
1336	29
1337	29
1338	8
1339	29
1340	8
1341	29
1342	29
1343	8
1344	8
1345	29
1346	29
1347	29
1348	29
1349	29
1350	8
1351	8
1352	0
1353	29
1354	29
1355	29
1356	29
1357	29
1358	29
1359	8
1360	8
1361	29
1362	29
1363	8
1364	29
1365	29
1366	0
1367	29
1368	29
1369	42
1370	29
1371	29
1372	29
1373	35
1374	29
1375	29
1376	29
1377	42
1378	29
1379	29
1380	29
1381	29
1382	29
1383	29
1384	29
1385	29
1386	29
1387	29
1388	29
1389	29
1390	29
1391	29
1392	8
1393	29
1394	8
1395	29
1396	29
1397	29
1398	29
1399	8
1400	29
1401	29
1402	0
1403	29
1404	29
1405	29
1406	29
1407	0
1408	29
1409	29
1410	29
1411	29
1412	29
1413	29
1414	29
1415	29
1416	0
1417	0
1418	29
1419	29
1420	29
1421	0
1422	8
1423	0
1424	29
1425	29
1426	29
1427	29
1428	42
1429	29
1430	8
1431	3
1432	29
1433	9
1434	8
1435	29
1436	29
1437	29
1438	29
1439	8
1440	8
1441	8
1442	29
1443	29
1444	29
1445	8
1446	0
1447	29
1448	29
1449	29
1450	29
1451	0
1452	29
1453	36
1454	29
1455	29
1456	29
1457	35
1458	8
1459	8
1460	29
1461	8
1462	8
1463	29
1464	29
1465	29
1466	29
1467	9
1468	8
1469	29
1470	36
1471	8
1472	29
1473	29
1474	35
1475	29
1476	29
1477	8
1478	29
1479	8
1480	29
1481	8
1482	8
1483	29
1484	29
1485	36
1486	29
1487	42
1488	42
1489	8
1490	29
1491	29
1492	29
1493	29
1494	29
1495	29
1496	29
1497	8
1498	8
1499	29
1500	8
1501	29
1502	29
1503	29
1504	29
1505	29
1506	8
1507	29
1508	29
1509	29
1510	8
1511	29
1512	29
1513	29
1514	29
1515	29
1516	29
1517	29
1518	29
1519	29
1520	8
1521	8
1522	29
1523	29
1524	8
1525	29
1526	29
1527	8
1528	29
1529	8
1530	29
1531	8
1532	29
1533	8
1534	29
1535	29
1536	29
1537	8
1538	8
1539	8
1540	29
1541	29
1542	29
1543	29
1544	29
1545	0
1546	8
1547	29
1548	8
1549	29
1550	29
1551	8
1552	8
1553	29
1554	8
1555	29
1556	29
1557	29
1558	29
1559	29
1560	29
1561	8
1562	36
1563	29
1564	29
1565	29
1566	29
1567	29
1568	29
1569	36
1570	29
1571	29
1572	8
1573	29
1574	29
1575	29
1576	29
1577	29
1578	29
1579	8
1580	29
1581	29
1582	29
1583	29
1584	29
1585	29
1586	29
1587	29
1588	29
1589	8
1590	29
1591	8
1592	36
1593	29
1594	8
1595	8
1596	8
1597	0
1598	8
1599	8
1600	29
1601	36
1602	36
1603	29
1604	8
1605	29
1606	29
1607	29
1608	8
1609	8
1610	29
1611	29
1612	0
1613	8
1614	29
1615	29
1616	29
1617	29
1618	29
1619	29
1620	29
1621	29
1622	8
1623	29
1624	8
1625	29
1626	29
1627	29
1628	29
1629	8
1630	8
1631	29
1632	29
1633	29
1634	8
1635	29
1636	29
1637	8
1638	8
1639	29
1640	29
1641	29
1642	29
1643	29
1644	29
1645	29
1646	29
1647	29
1648	29
1649	36
1650	29
1651	8
1652	29
1653	29
1654	29
1655	29
1656	29
1657	35
1658	29
1659	29
1660	8
1661	8
1662	29
1663	8
1664	8
1665	29
1666	29
1667	29
1668	29
1669	29
1670	29
1671	29
1672	29
1673	29
1674	8
1675	29
1676	29
1677	29
1678	29
1679	29
1680	8
1681	8
1682	29
1683	29
1684	29
1685	29
1686	8
1687	29
1688	29
1689	29
1690	29
1691	29
1692	29
1693	29
1694	29
1695	29
1696	0
1697	29
1698	29
1699	8
1700	8
1701	8
1702	8
1703	29
1704	29
1705	29
1706	29
1707	29
1708	29
1709	8
1710	29
1711	29
1712	29
1713	29
1714	8
1715	29
1716	29
1717	8
1718	29
1719	29
1720	29
1721	29
1722	29
1723	29
1724	8
1725	29
1726	29
1727	29
1728	29
1729	29
1730	29
1731	29
1732	29
1733	8
1734	29
1735	8
1736	8
1737	8
1738	29
1739	29
1740	29
1741	8
1742	8
1743	29
1744	29
1745	29
1746	29
1747	29
1748	35
1749	29
1750	29
1751	29
1752	29
1753	29
1754	29
1755	29
1756	29
1757	29
1758	29
1759	29
1760	0
1761	29
1762	29
1763	29
1764	29
1765	29
1766	29
1767	29
1768	29
1769	29
1770	29
1771	8
1772	29
1773	29
1774	29
1775	29
1776	29
1777	8
1778	29
1779	29
1780	29
1781	36
1782	29
1783	29
1784	36
1785	29
1786	29
1787	29
1788	29
1789	35
1790	8
1791	29
1792	8
1793	8
1794	29
1795	29
1796	8
1797	36
1798	29
1799	29
1800	29
1801	29
1802	42
1803	29
1804	29
1805	29
1806	29
1807	8
1808	8
1809	35
1810	29
1811	0
1812	29
1813	29
1814	29
1815	29
1816	36
1817	29
1818	29
1819	29
1820	29
1821	42
1822	8
1823	29
1824	29
1825	29
1826	29
1827	29
1828	8
1829	29
1830	29
1831	29
1832	8
1833	29
1834	29
1835	29
1836	29
1837	29
1838	29
1839	29
1840	29
1841	29
1842	29
1843	29
1844	29
1845	35
1846	29
1847	29
1848	8
1849	29
1850	8
1851	29
1852	29
1853	0
1854	0
1855	8
1856	29
1857	29
1858	42
1859	42
1860	29
1861	29
1862	29
1863	29
1864	8
1865	8
1866	8
1867	36
1868	29
1869	8
1870	29
1871	29
1872	29
1873	29
1874	29
1875	29
1876	8
1877	29
1878	29
1879	29
1880	29
1881	29
1882	29
1883	8
1884	29
1885	29
1886	29
1887	29
1888	29
1889	29
1890	0
1891	29
1892	36
1893	0
1894	8
1895	42
1896	42
1897	29
1898	29
1899	8
1900	29
1901	29
1902	8
1903	29
1904	29
1905	29
1906	29
1907	29
1908	29
1909	29
1910	8
1911	8
1912	29
1913	29
1914	29
1915	29
1916	29
1917	29
1918	29
1919	29
1920	29
1921	8
1922	42
1923	42
1924	29
1925	29
1926	29
1927	29
1928	29
1929	8
1930	29
1931	29
1932	29
1933	8
1934	29
1935	8
1936	36
1937	29
1938	8
1939	29
1940	29
1941	29
1942	29
1943	8
1944	29
1945	29
1946	29
1947	29
1948	36
1949	0
1950	42
1951	29
1952	29
1953	29
1954	8
1955	29
1956	29
1957	29
1958	8
1959	29
1960	29
1961	29
1962	29
1963	29
1964	29
1965	29
1966	29
1967	29
1968	29
1969	8
1970	29
1971	29
1972	8
1973	8
1974	29
1975	8
1976	29
1977	8
1978	29
1979	29
1980	8
1981	29
1982	29
1983	29
1984	8
1985	29
1986	29
1987	42
1988	8
1989	29
1990	29
1991	29
1992	42
1993	29
1994	29
1995	29
1996	29
1997	29
1998	29
1999	8
2000	29
2001	29
2002	36
2003	29
2004	8
2005	29
2006	29
2007	29
2008	42
2009	8
2010	29
2011	29
2012	29
2013	29
2014	8
2015	29
2016	29
2017	29
2018	29
2019	36
2020	29
2021	8
2022	8
2023	29
2024	8
2025	8
2026	8
2027	29
2028	8
2029	29
2030	29
2031	29
2032	29
2033	29
2034	29
2035	29
2036	29
2037	8
2038	29
2039	8
2040	29
2041	23
2042	29
2043	8
2044	36
2045	29
2046	29
2047	29
2048	29
2049	29
2050	29
2051	8
2052	29
2053	29
2054	29
2055	42
2056	29
2057	26
2058	29
2059	29
2060	29
2061	29
2062	8
2063	8
2064	8
2065	29
2066	29
2067	29
2068	0
2069	29
2070	29
2071	29
2072	29
2073	8
2074	29
2075	8
2076	29
2077	29
2078	29
2079	29
2080	8
2081	29
2082	29
2083	8
2084	29
2085	29
2086	29
2087	29
2088	29
2089	29
2090	36
2091	29
2092	29
2093	29
2094	29
2095	0
2096	29
2097	29
2098	29
2099	29
2100	29
2101	29
2102	29
2103	29
2104	29
2105	29
2106	29
2107	8
2108	29
2109	8
2110	8
2111	8
2112	8
2113	29
2114	8
2115	29
2116	29
2117	29
2118	29
2119	29
2120	29
2121	36
2122	29
2123	8
2124	29
2125	29
2126	29
2127	29
2128	36
2129	8
2130	29
2131	8
2132	8
2133	8
2134	36
2135	29
2136	8
2137	29
2138	8
2139	29
2140	29
2141	29
2142	29
2143	42
2144	29
2145	29
2146	29
2147	29
2148	8
2149	8
2150	29
2151	29
2152	29
2153	8
2154	8
2155	29
2156	29
2157	29
2158	8
2159	29
2160	29
2161	29
2162	8
2163	8
2164	29
2165	29
2166	8
2167	29
2168	29
2169	29
2170	29
2171	29
2172	29
2173	29
2174	29
2175	29
2176	29
2177	29
2178	3
2179	29
2180	0
2181	29
2182	29
2183	29
2184	8
2185	29
2186	29
2187	0
2188	29
2189	29
2190	29
2191	29
2192	29
2193	29
2194	29
2195	29
2196	29
2197	29
2198	29
2199	29
2200	29
2201	35
2202	29
2203	29
2204	35
2205	29
2206	29
2207	29
2208	8
2209	29
2210	8
2211	29
2212	29
2213	29
2214	29
2215	29
2216	29
2217	29
2218	29
2219	29
2220	29
2221	8
2222	29
2223	29
2224	29
2225	29
2226	29
2227	8
2228	8
2229	29
2230	29
2231	29
2232	29
2233	29
2234	35
2235	29
2236	29
2237	29
2238	29
2239	29
2240	29
2241	29
2242	29
2243	29
2244	8
2245	29
2246	29
2247	29
2248	29
2249	29
2250	29
2251	8
2252	29
2253	8
2254	29
2255	29
2256	29
2257	29
2258	29
2259	29
2260	29
2261	29
2262	29
2263	29
2264	29
2265	8
2266	29
2267	29
2268	8
2269	29
2270	29
2271	29
2272	29
2273	29
2274	29
2275	8
2276	29
2277	29
2278	36
2279	29
2280	29
2281	29
2282	29
2283	29
2284	29
2285	29
2286	36
2287	29
2288	29
2289	29
2290	8
2291	29
2292	29
2293	29
2294	29
2295	29
2296	29
2297	29
2298	29
2299	29
2300	8
2301	29
2302	29
2303	29
2304	29
2305	8
2306	8
2307	29
2308	8
2309	29
2310	29
2311	29
2312	29
2313	29
2314	29
2315	29
2316	42
2317	8
2318	29
2319	29
2320	29
2321	3
2322	36
2323	29
2324	29
2325	29
2326	29
2327	29
2328	29
2329	29
2330	29
2331	8
2332	8
2333	29
2334	29
2335	29
2336	29
2337	29
2338	8
2339	8
2340	29
2341	29
2342	29
2343	8
2344	29
2345	29
2346	0
2347	29
2348	29
2349	29
2350	29
2351	29
2352	29
2353	29
2354	3
2355	8
2356	29
2357	29
2358	8
2359	29
2360	8
2361	29
2362	29
2363	29
2364	29
2365	29
2366	29
2367	8
2368	8
2369	29
2370	29
2371	29
2372	29
2373	29
2374	29
2375	29
2376	8
2377	8
2378	8
2379	29
2380	29
2381	8
2382	29
2383	29
2384	8
2385	29
2386	29
2387	8
2388	29
2389	29
2390	29
2391	29
2392	8
2393	8
2394	29
2395	8
2396	42
2397	29
2398	29
2399	29
2400	29
2401	29
2402	29
2403	8
2404	29
2405	29
2406	29
2407	29
2408	29
2409	35
2410	29
2411	29
2412	2
2413	29
2414	9
2415	29
2416	8
2417	29
2418	29
2419	29
2420	0
2421	8
2422	29
2423	29
2424	29
2425	29
2426	29
2427	29
2428	29
2429	29
2430	8
2431	29
2432	24
2433	8
2434	8
2435	29
2436	0
2437	29
2438	0
2439	8
2440	8
2441	42
2442	29
2443	8
2444	42
2445	29
2446	36
2447	8
2448	29
2449	29
2450	29
2451	35
2452	29
2453	35
2454	29
2455	29
2456	29
2457	29
2458	35
2459	29
2460	35
2461	29
2462	35
2463	29
2464	29
2465	29
2466	8
2467	8
2468	29
2469	29
2470	35
2471	35
2472	35
2473	29
2474	8
2475	29
2476	29
2477	29
2478	29
2479	29
2480	0
2481	29
2482	29
2483	29
2484	29
2485	29
2486	8
2487	8
2488	29
2489	8
2490	29
2491	8
2492	29
2493	29
2494	42
2495	29
2496	29
2497	29
2498	29
2499	29
2500	29
2501	29
2502	29
2503	29
2504	29
2505	29
2506	29
2507	29
2508	29
2509	8
2510	29
2511	29
2512	8
2513	29
2514	29
2515	29
2516	29
2517	29
2518	8
2519	29
2520	29
2521	8
2522	29
2523	29
2524	29
2525	8
2526	29
2527	29
2528	29
2529	8
2530	24
2531	8
2532	29
2533	29
2534	29
2535	29
2536	8
2537	29
2538	35
2539	29
2540	29
2541	8
2542	8
2543	29
2544	29
2545	42
2546	8
2547	8
2548	29
2549	8
2550	29
2551	29
2552	29
2553	29
2554	29
2555	8
2556	29
2557	29
2558	29
2559	42
2560	29
2561	29
2562	8
2563	36
2564	30
2565	29
2566	29
2567	29
2568	8
2569	29
2570	29
2571	29
2572	8
2573	29
2574	29
2575	29
2576	29
2577	29
2578	8
2579	36
2580	30
2581	29
2582	29
2583	29
2584	29
2585	42
2586	29
2587	29
2588	29
2589	29
2590	8
2591	29
2592	29
2593	29
2594	29
2595	8
2596	29
2597	8
2598	29
2599	8
2600	29
2601	29
2602	29
2603	29
2604	29
2605	29
2606	29
2607	29
2608	29
2609	29
2610	29
2611	8
2612	29
2613	29
2614	29
2615	8
2616	29
2617	29
2618	29
2619	36
2620	8
2621	29
2622	0
2623	24
2624	24
2625	29
2626	29
2627	29
2628	29
2629	29
2630	29
2631	8
2632	8
2633	30
2634	3
2635	29
2636	29
2637	29
2638	29
2639	29
2640	29
2641	29
2642	8
2643	29
2644	29
2645	29
2646	29
2647	29
2648	29
2649	8
2650	8
2651	29
2652	29
2653	8
2654	29
2655	29
2656	8
2657	29
2658	8
2659	29
2660	29
2661	35
2662	35
2663	29
2664	29
2665	42
2666	3
2667	29
2668	24
2669	29
2670	29
2671	29
2672	29
2673	29
2674	29
2675	0
2676	24
2677	24
2678	3
2679	8
2680	29
2681	8
2682	8
2683	29
2684	29
2685	29
2686	29
2687	29
2688	29
2689	29
2690	29
2691	29
2692	8
2693	29
2694	29
2695	29
2696	29
2697	42
2698	8
2699	29
2700	8
2701	29
2702	8
2703	29
2704	0
2705	36
2706	8
2707	8
2708	8
2709	29
2710	29
2711	8
2712	29
2713	42
2714	8
2715	8
2716	29
2717	8
2718	29
2719	8
2720	29
2721	8
2722	29
2723	29
2724	8
2725	8
2726	29
2727	29
2728	29
2729	29
2730	29
2731	29
2732	29
2733	29
2734	29
2735	30
2736	29
2737	8
2738	29
2739	29
2740	40
2741	29
2742	29
2743	8
2744	8
2745	8
2746	29
2747	29
2748	29
2749	29
2750	8
2751	29
2752	29
2753	36
2754	29
2755	29
2756	29
2757	8
2758	29
2759	29
2760	29
2761	29
2762	29
2763	29
2764	29
2765	8
2766	29
2767	29
2768	8
2769	8
2770	29
2771	8
2772	29
2773	29
2774	35
2775	23
2776	29
2777	29
2778	35
2779	29
2780	29
2781	8
2782	8
2783	29
2784	29
2785	29
2786	42
2787	29
2788	29
2789	8
2790	8
2791	29
2792	8
2793	8
2794	8
2795	29
2796	29
2797	29
2798	29
2799	35
2800	35
2801	29
2802	29
2803	42
2804	29
2805	29
2806	29
2807	29
2808	29
2809	29
2810	29
2811	29
2812	29
2813	29
2814	8
2815	29
2816	29
2817	29
2818	36
2819	29
2820	29
2821	29
2822	29
2823	29
2824	29
2825	0
2826	0
2827	0
2828	0
2829	29
2830	8
2831	8
2832	29
2833	29
2834	8
2835	8
2836	29
2837	29
2838	29
2839	29
2840	8
2841	29
2842	29
2843	29
2844	29
2845	29
2846	29
2847	29
2848	8
2849	8
2850	29
2851	29
2852	29
2853	24
2854	29
2855	8
2856	29
2857	29
2858	8
2859	29
2860	29
2861	29
2862	29
2863	42
2864	8
2865	42
2866	42
2867	29
2868	42
2869	29
2870	35
2871	35
2872	29
2873	29
2874	8
2875	29
2876	8
2877	29
2878	29
2879	8
2880	29
2881	29
2882	29
2883	8
2884	0
2885	29
2886	29
2887	29
2888	29
2889	29
2890	29
2891	29
2892	29
2893	29
2894	29
2895	29
2896	29
2897	8
2898	8
2899	29
2900	29
2901	29
2902	29
2903	29
2904	29
2905	0
2906	29
2907	29
2908	29
2909	29
2910	35
2911	29
2912	29
2913	29
2914	29
2915	29
2916	29
2917	29
2918	29
2919	29
2920	29
2921	29
2922	29
2923	29
2924	29
2925	35
2926	24
2927	29
2928	29
2929	29
2930	29
2931	29
2932	29
2933	29
2934	8
2935	29
2936	8
2937	0
2938	29
2939	29
2940	29
2941	29
2942	29
2943	8
2944	29
2945	29
2946	29
2947	8
2948	29
2949	29
2950	29
2951	29
2952	29
2953	29
2954	8
2955	29
2956	29
2957	29
2958	29
2959	29
2960	29
2961	29
2962	29
2963	29
2964	29
2965	29
2966	8
2967	29
2968	24
2969	29
2970	29
2971	8
2972	29
2973	29
2974	29
2975	29
2976	8
2977	8
2978	29
2979	29
2980	8
2981	8
2982	29
2983	29
2984	36
2985	36
2986	29
2987	29
2988	29
2989	29
2990	29
2991	29
2992	29
2993	29
2994	29
2995	29
2996	29
2997	29
2998	29
2999	29
3000	36
3001	29
3002	8
3003	29
3004	29
3005	29
3006	29
3007	8
3008	29
3009	35
3010	29
3011	29
3012	29
3013	29
3014	42
3015	29
3016	29
3017	8
3018	29
3019	8
3020	29
3021	29
3022	45
3023	29
3024	29
3025	42
3026	29
3027	29
3028	8
3029	8
3030	29
3031	29
3032	29
3033	8
3034	29
3035	29
3036	29
3037	29
3038	8
3039	29
3040	0
3041	29
3042	8
3043	29
3044	29
3045	8
3046	8
3047	29
3048	36
3049	8
3050	29
3051	45
3052	29
3053	8
3054	8
3055	29
3056	29
3057	29
3058	45
3059	29
3060	8
3061	29
3062	29
3063	29
3064	8
3065	8
3066	29
3067	0
3068	8
3069	29
3070	29
3071	29
3072	29
3073	29
3074	29
3075	29
3076	8
3077	29
3078	29
3079	29
3080	29
3081	29
3082	29
3083	29
3084	29
3085	29
3086	8
3087	29
3088	29
3089	29
3090	29
3091	8
3092	8
3093	29
3094	29
3095	29
3096	36
3097	29
3098	29
3099	35
3100	29
3101	8
3102	8
3103	29
3104	8
3105	8
3106	23
3107	29
3108	8
3109	8
3110	8
3111	29
3112	29
3113	29
3114	29
3115	29
3116	8
3117	8
3118	8
3119	8
3120	8
3121	8
3122	29
3123	29
3124	29
3125	42
3126	8
3127	29
3128	8
3129	8
3130	8
3131	29
3132	29
3133	8
3134	29
3135	8
3136	29
3137	8
3138	29
3139	29
3140	8
3141	29
3142	29
3143	29
3144	29
3145	8
3146	8
3147	29
3148	8
3149	8
3150	8
3151	8
3152	29
3153	29
3154	8
3155	29
3156	29
3157	8
3158	35
3159	8
3160	29
3161	29
3162	29
3163	29
3164	29
3165	8
3166	8
3167	29
3168	29
3169	29
3170	8
3171	8
3172	29
3173	29
3174	29
3175	29
3176	8
3177	8
3178	29
3179	8
3180	29
3181	29
3182	29
3183	29
3184	8
3185	29
3186	8
3187	8
3188	36
3189	8
3190	35
3191	29
3192	8
3193	8
3194	8
3195	29
3196	29
3197	8
3198	29
3199	8
3200	29
3201	8
3202	29
3203	29
3204	29
3205	29
3206	29
3207	8
3208	29
3209	29
3210	29
3211	29
3212	29
3213	36
3214	8
3215	29
3216	29
3217	8
3218	29
3219	8
3220	29
3221	35
3222	29
3223	29
3224	8
3225	29
3226	29
3227	8
3228	29
3229	3
3230	29
3231	29
3232	8
3233	3
3234	29
3235	29
3236	8
3237	29
3238	29
3239	29
3240	29
3241	8
3242	29
3243	29
3244	29
3245	29
3246	29
3247	29
3248	29
3249	8
3250	31
3251	42
3252	29
3253	29
3254	29
3255	29
3256	29
3257	29
3258	8
3259	29
3260	29
3261	29
3262	29
3263	29
3264	8
3265	8
3266	36
3267	8
3268	8
3269	29
3270	29
3271	29
3272	29
3273	29
3274	8
3275	29
3276	8
3277	8
3278	29
3279	29
3280	8
3281	29
3282	8
3283	29
3284	8
3285	8
3286	29
3287	29
3288	29
3289	29
3290	8
3291	29
3292	42
3293	29
3294	8
3295	29
3296	29
3297	29
3298	8
3299	36
3300	29
3301	36
3302	29
3303	8
3304	8
3305	8
3306	8
3307	8
3308	8
3309	8
3310	29
3311	29
3312	29
3313	8
3314	29
3315	29
3316	3
3317	29
3318	29
3319	24
3320	29
3321	29
3322	29
3323	29
3324	29
3325	29
3326	29
3327	29
3328	29
3329	29
3330	29
3331	29
3332	29
3333	29
3334	29
3335	29
3336	29
3337	29
3338	29
3339	29
3340	29
3341	8
3342	8
3343	8
3344	8
3345	8
3346	8
3347	29
3348	29
3349	29
3350	29
3351	29
3352	8
3353	29
3354	29
3355	29
3356	29
3357	29
3358	29
3359	29
3360	29
3361	29
3362	29
3363	29
3364	29
3365	8
3366	29
3367	29
3368	29
3369	29
3370	29
3371	36
3372	8
3373	29
3374	29
3375	29
3376	8
3377	8
3378	29
3379	8
3380	29
3381	29
3382	29
3383	29
3384	29
3385	29
3386	29
3387	29
3388	29
3389	29
3390	29
3391	29
3392	29
3393	29
3394	29
3395	29
3396	29
3397	29
3398	29
3399	29
3400	29
3401	29
3402	29
3403	29
3404	29
3405	36
3406	29
3407	29
3408	8
3409	8
3410	8
3411	29
3412	29
3413	29
3414	0
3415	29
3416	8
3417	29
3418	29
3419	8
3420	8
3421	29
3422	29
3423	29
3424	42
3425	8
3426	29
3427	29
3428	8
3429	8
3430	29
3431	29
3432	29
3433	29
3434	29
3435	29
3436	29
3437	29
3438	42
3439	29
3440	8
3441	29
3442	29
3443	8
3444	8
3445	29
3446	8
3447	29
3448	8
3449	29
3450	29
3451	29
3452	29
3453	45
3454	8
3455	29
3456	29
3457	29
3458	29
3459	29
3460	29
3461	29
3462	29
3463	29
3464	29
3465	8
3466	29
3467	29
3468	29
3469	29
3470	36
3471	8
3472	29
3473	29
3474	42
3475	29
3476	29
3477	29
3478	29
3479	29
3480	29
3481	8
3482	29
3483	29
3484	29
3485	29
3486	29
3487	29
3488	29
3489	29
3490	29
3491	29
3492	29
3493	29
3494	29
3495	29
3496	8
3497	8
3498	8
3499	29
3500	29
3501	29
3502	35
3503	29
3504	8
3505	29
3506	29
3507	8
3508	29
3509	42
3510	29
3511	8
3512	29
3513	8
3514	29
3515	29
3516	29
3517	29
3518	29
3519	29
3520	29
3521	29
3522	8
3523	29
3524	29
3525	8
3526	29
3527	8
3528	8
3529	29
3530	29
3531	29
3532	8
3533	29
3534	8
3535	29
3536	29
3537	8
3538	29
3539	29
3540	8
3541	8
3542	8
3543	8
3544	8
3545	29
3546	29
3547	8
3548	29
3549	29
3550	29
3551	8
3552	29
3553	8
3554	29
3555	29
3556	8
3557	29
3558	8
3559	29
3560	29
3561	29
3562	29
3563	8
3564	29
3565	29
3566	29
3567	8
3568	29
3569	29
3570	29
3571	29
3572	8
3573	29
3574	29
3575	29
3576	29
3577	29
3578	30
3579	29
3580	8
3581	29
3582	8
3583	29
3584	29
3585	29
3586	29
3587	8
3588	29
3589	29
3590	29
3591	29
3592	29
3593	29
3594	8
3595	30
3596	30
3597	29
3598	29
3599	30
3600	29
3601	29
3602	29
3603	8
3604	29
3605	29
3606	29
3607	29
3608	8
3609	29
3610	29
3611	29
3612	29
3613	29
3614	8
3615	29
3616	29
3617	8
3618	29
3619	8
3620	8
3621	8
3622	8
3623	29
3624	29
3625	35
3626	29
3627	8
3628	29
3629	8
3630	8
3631	29
3632	29
3633	29
3634	35
3635	29
3636	29
3637	8
3638	29
3639	8
3640	0
3641	29
3642	29
3643	29
3644	29
3645	8
3646	29
3647	29
3648	29
3649	29
3650	29
3651	29
3652	8
3653	29
3654	8
3655	29
3656	29
3657	29
3658	8
3659	29
3660	29
3661	29
3662	29
3663	29
3664	29
3665	29
3666	8
3667	29
3668	8
3669	29
3670	29
3671	29
3672	8
3673	29
3674	29
3675	29
3676	29
3677	29
3678	29
3679	29
3680	8
3681	29
3682	8
3683	8
3684	8
3685	8
3686	45
3687	29
3688	29
3689	8
3690	29
3691	29
3692	29
3693	29
3694	35
3695	29
3696	8
3697	29
3698	29
3699	29
3700	29
3701	29
3702	29
3703	29
3704	29
3705	29
3706	42
3707	8
3708	29
3709	42
3710	8
3711	29
3712	29
3713	42
3714	29
3715	8
3716	29
3717	29
3718	29
3719	29
3720	29
3721	8
3722	8
3723	29
3724	29
3725	8
3726	29
3727	8
3728	29
3729	29
3730	29
3731	29
3732	29
3733	29
3734	8
3735	8
3736	29
3737	29
3738	29
3739	29
3740	29
3741	29
3742	29
3743	29
3744	29
3745	29
3746	27
3747	29
3748	29
3749	29
3750	29
3751	29
3752	8
3753	29
3754	8
3755	16
3756	29
3757	29
3758	29
3759	29
3760	29
3761	29
3762	29
3763	29
3764	29
3765	29
3766	8
3767	8
3768	8
3769	29
3770	0
3771	29
3772	29
3773	29
3774	29
3775	29
3776	8
3777	29
3778	29
3779	8
3780	29
3781	29
3782	29
3783	29
3784	29
3785	29
3786	8
3787	29
3788	29
3789	29
3790	42
3791	29
3792	8
3793	29
3794	29
3795	29
3796	29
3797	29
3798	29
3799	29
3800	29
3801	29
3802	42
3803	8
3804	29
3805	8
3806	8
3807	8
3808	29
3809	29
3810	29
3811	29
3812	29
3813	8
3814	8
3815	8
3816	17
3817	29
3818	29
3819	29
3820	8
3821	29
3822	8
3823	29
3824	29
3825	29
3826	8
3827	29
3828	29
3829	29
3830	29
3831	29
3832	29
3833	8
3834	29
3835	29
3836	29
3837	29
3838	29
3839	29
3840	29
3841	29
3842	8
3843	29
3844	29
3845	29
3846	29
3847	29
3848	29
3849	29
3850	29
3851	8
3852	29
3853	8
3854	29
3855	42
3856	29
3857	8
3858	29
3859	8
3860	29
3861	29
3862	29
3863	29
3864	29
3865	29
3866	8
3867	29
3868	42
3869	8
3870	8
3871	29
3872	29
3873	8
3874	29
3875	29
3876	29
3877	29
3878	8
3879	29
3880	29
3881	8
3882	29
3883	0
3884	29
3885	29
3886	8
3887	29
3888	29
3889	42
3890	29
3891	0
3892	29
3893	29
3894	29
3895	29
3896	29
3897	29
3898	29
3899	29
3900	29
3901	29
3902	29
3903	8
3904	29
3905	29
3906	29
3907	29
3908	29
3909	42
3910	29
3911	29
3912	8
3913	29
3914	8
3915	8
3916	8
3917	8
3918	29
3919	29
3920	29
3921	29
3922	29
3923	8
3924	29
3925	29
3926	35
3927	8
3928	29
3929	29
3930	8
3931	29
3932	29
3933	8
3934	29
3935	8
3936	29
3937	29
3938	29
3939	29
3940	29
3941	29
3942	29
3943	8
3944	29
3945	29
3946	29
3947	29
3948	29
3949	29
3950	29
3951	8
3952	29
3953	8
3954	29
3955	8
3956	29
3957	29
3958	29
3959	29
3960	29
3961	27
3962	8
3963	27
3964	27
3965	27
3966	29
3967	42
3968	8
3969	29
3970	29
3971	29
3972	29
3973	29
3974	29
3975	29
3976	29
3977	29
3978	29
3979	29
3980	29
3981	29
3982	29
3983	29
3984	29
3985	29
3986	29
3987	29
3988	29
3989	29
3990	29
3991	29
3992	8
3993	35
3994	29
3995	29
3996	29
3997	29
3998	29
3999	8
4000	29
4001	29
4002	29
4003	29
4004	0
4005	29
4006	29
4007	29
4008	29
4009	29
4010	29
4011	29
4012	35
4013	8
4014	29
4015	40
4016	29
4017	8
4018	29
4019	29
4020	8
4021	0
4022	36
4023	29
4024	10
4025	29
4026	19
4027	29
4028	8
4029	29
4030	29
4031	29
4032	29
4033	29
4034	35
4035	29
4036	35
4037	29
4038	29
4039	29
4040	29
4041	29
4042	29
4043	29
4044	29
4045	29
4046	8
4047	29
4048	29
4049	29
4050	29
4051	29
4052	29
4053	8
4054	29
4055	29
4056	29
4057	29
4058	8
4059	8
4060	29
4061	29
4062	29
4063	29
4064	8
4065	29
4066	29
4067	29
4068	29
4069	29
4070	8
4071	29
4072	29
4073	29
4074	8
4075	29
4076	29
4077	8
4078	0
4079	29
4080	8
4081	8
4082	0
4083	29
4084	29
4085	29
4086	35
4087	29
4088	29
4089	4
4090	16
4091	29
4092	16
4093	29
4094	16
4095	29
4096	8
4097	42
4098	29
4099	8
4100	29
4101	8
4102	8
4103	8
4104	42
4105	8
4106	8
4107	29
4108	8
4109	8
4110	29
4111	8
4112	8
4113	29
4114	29
4115	8
4116	8
4117	29
4118	29
4119	8
4120	29
4121	29
4122	29
4123	29
4124	8
4125	29
4126	29
4127	8
4128	29
4129	29
4130	29
4131	35
4132	29
4133	29
4134	8
4135	29
4136	8
4137	29
4138	29
4139	29
4140	29
4141	29
4142	29
4143	8
4144	8
4145	29
4146	35
4147	29
4148	29
4149	29
4150	29
4151	29
4152	29
4153	29
4154	42
4155	8
4156	29
4157	29
4158	29
4159	8
4160	29
4161	29
4162	29
4163	29
4164	29
4165	29
4166	29
4167	29
4168	29
4169	8
4170	42
4171	29
4172	29
4173	29
4174	29
4175	29
4176	29
4177	29
4178	29
4179	29
4180	29
4181	29
4182	29
4183	29
4184	29
4185	29
4186	29
4187	29
4188	29
4189	29
4190	8
4191	36
4192	29
4193	29
4194	29
4195	29
4196	29
4197	29
4198	8
4199	29
4200	29
4201	0
4202	29
4203	29
4204	29
4205	29
4206	29
4207	29
4208	29
4209	29
4210	29
4211	29
4212	29
4213	29
4214	29
4215	29
4216	8
4217	29
4218	29
4219	29
4220	29
4221	29
4222	29
4223	8
4224	0
4225	8
4226	29
4227	0
4228	8
4229	29
4230	29
4231	29
4232	29
4233	29
4234	8
4235	29
4236	29
4237	29
4238	29
4239	29
4240	35
4241	29
4242	29
4243	19
4244	29
4245	35
4246	29
4247	29
4248	8
4249	29
4250	29
4251	8
4252	0
4253	29
4254	8
4255	29
4256	29
4257	29
4258	8
4259	29
4260	35
4261	1
4262	29
4263	29
4264	29
4265	29
4266	29
4267	29
4268	35
4269	35
4270	35
4271	35
4272	29
4273	29
4274	29
4275	29
4276	29
4277	8
4278	8
4279	35
4280	29
4281	29
4282	29
4283	8
4284	29
4285	29
4286	8
4287	29
4288	29
4289	35
4290	29
4291	35
4292	29
4293	35
4294	29
4295	35
4296	8
4297	29
4298	29
4299	29
4300	29
4301	29
4302	29
4303	29
4304	35
4305	35
4306	29
4307	29
4308	29
4309	29
4310	29
4311	29
4312	29
4313	35
4314	8
4315	35
4316	35
4317	29
4318	29
4319	29
4320	3
4321	29
4322	29
4323	8
4324	42
4325	8
4326	29
4327	29
4328	29
4329	29
4330	29
4331	42
4332	29
4333	29
4334	8
4335	29
4336	8
4337	29
4338	8
4339	29
4340	29
4341	29
4342	29
4343	29
4344	8
4345	29
4346	29
4347	29
4348	29
4349	29
4350	29
4351	29
4352	29
4353	29
4354	8
4355	29
4356	8
4357	29
4358	29
4359	29
4360	29
4361	8
4362	29
4363	42
4364	8
4365	29
4366	29
4367	29
4368	29
4369	29
4370	29
4371	8
4372	29
4373	29
4374	10
4375	23
4376	10
4377	10
4378	29
4379	29
4380	8
4381	26
4382	29
4383	8
4384	29
4385	29
4386	29
4387	42
4388	29
4389	29
4390	0
4391	29
4392	29
4393	8
4394	29
4395	29
4396	29
4397	29
4398	29
4399	29
4400	3
4401	29
4402	29
4403	35
4404	35
4405	0
4406	29
4407	29
4408	29
4409	8
4410	35
4411	29
4412	29
4413	29
4414	29
4415	29
4416	29
4417	29
4418	29
4419	29
4420	29
4421	29
4422	29
4423	46
4424	29
4425	8
4426	29
4427	8
4428	29
4429	29
4430	29
4431	29
4432	29
4433	29
4434	0
4435	35
4436	29
4437	8
4438	29
4439	29
4440	29
4441	29
4442	29
4443	29
4444	29
4445	29
4446	29
4447	8
4448	8
4449	8
4450	29
4451	29
4452	8
4453	29
4454	29
4455	8
4456	29
4457	29
4458	8
4459	29
4460	29
4461	8
4462	29
4463	29
4464	35
4465	29
4466	29
4467	8
4468	29
4469	29
4470	8
4471	29
4472	29
4473	29
4474	29
4475	29
4476	29
4477	8
4478	8
4479	29
4480	29
4481	29
4482	29
4483	29
4484	29
4485	0
4486	8
4487	29
4488	29
4489	8
4490	29
4491	29
4492	29
4493	8
4494	8
4495	8
4496	29
4497	29
4498	29
4499	29
4500	8
4501	29
4502	29
4503	29
4504	29
4505	29
4506	29
4507	29
4508	29
4509	8
4510	8
4511	29
4512	29
4513	29
4514	0
4515	0
4516	29
4517	29
4518	29
4519	29
4520	29
4521	8
4522	29
4523	29
4524	42
4525	8
4526	29
4527	29
4528	29
4529	29
4530	8
4531	29
4532	8
4533	8
4534	8
4535	29
4536	29
4537	29
4538	29
4539	8
4540	8
4541	8
4542	29
4543	29
4544	29
4545	29
4546	29
4547	29
4548	8
4549	8
4550	45
4551	45
4552	45
4553	29
4554	29
4555	29
4556	29
4557	29
4558	29
4559	29
4560	29
4561	29
4562	29
4563	29
4564	29
4565	29
4566	8
4567	8
4568	8
4569	8
4570	8
4571	36
4572	29
4573	29
4574	29
4575	29
4576	29
4577	29
4578	8
4579	8
4580	29
4581	8
4582	29
4583	29
4584	3
4585	3
4586	29
4587	29
4588	29
4589	29
4590	29
4591	29
4592	29
4593	29
4594	29
4595	29
4596	29
4597	29
4598	29
4599	29
4600	29
4601	29
4602	29
4603	8
4604	29
4605	8
4606	8
4607	29
4608	29
4609	29
4610	8
4611	29
4612	29
4613	8
4614	8
4615	29
4616	29
4617	8
4618	29
4619	29
4620	35
4621	29
4622	29
4623	29
4624	29
4625	29
4626	29
4627	8
4628	8
4629	29
4630	29
4631	29
4632	29
4633	8
4634	8
4635	29
4636	8
4637	29
4638	29
4639	29
4640	29
4641	4
4642	29
4643	8
4644	8
4645	29
4646	0
4647	29
4648	42
4649	29
4650	29
4651	8
4652	29
4653	29
4654	29
4655	8
4656	29
4657	29
4658	29
4659	29
4660	28
4661	8
4662	29
4663	29
4664	29
4665	8
4666	0
4667	29
4668	29
4669	29
4670	29
4671	29
4672	29
4673	29
4674	0
4675	29
4676	29
4677	29
4678	8
4679	29
4680	29
4681	29
4682	8
4683	8
4684	29
4685	29
4686	29
4687	29
4688	29
4689	29
4690	8
4691	29
4692	29
4693	8
4694	29
4695	29
4696	0
4697	29
4698	29
4699	29
4700	29
4701	29
4702	29
4703	29
4704	0
4705	29
4706	29
4707	29
4708	29
4709	29
4710	29
4711	29
4712	29
4713	29
4714	29
4715	29
4716	8
4717	29
4718	29
4719	29
4720	29
4721	29
4722	29
4723	8
4724	42
4725	8
4726	8
4727	8
4728	29
4729	29
4730	29
4731	29
4732	29
4733	29
4734	29
4735	29
4736	29
4737	29
4738	29
4739	29
4740	29
4741	29
4742	29
4743	29
4744	8
4745	8
4746	29
4747	29
4748	29
4749	29
4750	29
4751	29
4752	42
4753	0
4754	29
4755	8
4756	8
4757	29
4758	29
4759	29
4760	29
4761	29
4762	29
4763	29
4764	8
4765	45
4766	8
4767	29
4768	29
4769	29
4770	29
4771	29
4772	3
4773	29
4774	29
4775	29
4776	29
4777	29
4778	12
4779	8
4780	8
4781	29
4782	14
4783	14
4784	29
4785	0
4786	0
4787	8
4788	29
4789	29
4790	29
4791	29
4792	29
4793	29
4794	29
4795	8
4796	29
4797	29
4798	29
4799	29
4800	29
4801	29
4802	29
4803	29
4804	29
4805	29
4806	29
4807	29
4808	42
4809	8
4810	8
4811	29
4812	29
4813	29
4814	29
4815	29
4816	29
4817	29
4818	29
4819	8
4820	29
4821	8
4822	8
4823	29
4824	29
4825	29
4826	29
4827	29
4828	29
4829	29
4830	19
4831	40
4832	29
4833	29
4834	29
4835	29
4836	29
4837	29
4838	29
4839	29
4840	4
4841	31
4842	29
4843	29
4844	29
4845	29
4846	8
4847	29
4848	29
4849	29
4850	29
4851	29
4852	29
4853	29
4854	29
4855	29
4856	29
4857	29
4858	29
4859	29
4860	29
4861	8
4862	29
4863	29
4864	29
4865	8
4866	29
4867	35
4868	35
4869	36
4870	8
4871	29
4872	29
4873	29
4874	31
4875	29
4876	29
4877	29
4878	29
4879	29
4880	29
4881	29
4882	29
4883	29
4884	29
4885	0
4886	29
4887	29
4888	0
4889	42
4890	3
4891	29
4892	29
4893	29
4894	3
4895	36
4896	36
4897	3
4898	29
4899	3
4900	29
4901	8
4902	8
4903	8
4904	29
4905	29
4906	29
4907	29
4908	29
4909	29
4910	29
4911	8
4912	29
4913	42
4914	35
4915	35
4916	29
4917	29
4918	29
4919	29
4920	29
4921	29
4922	29
4923	19
4924	19
4925	19
4926	40
4927	40
4928	8
4929	29
4930	19
4931	8
4932	29
4933	36
4934	8
4935	8
4936	29
4937	0
4938	29
4939	29
4940	29
4941	8
4942	29
4943	29
4944	29
4945	29
4946	29
4947	8
4948	29
4949	8
4950	29
4951	8
4952	29
4953	29
4954	29
4955	29
4956	29
4957	29
4958	29
4959	29
4960	8
4961	29
4962	8
4963	29
4964	29
4965	29
4966	35
4967	29
4968	29
4969	29
4970	29
4971	8
4972	29
4973	8
4974	29
4975	29
4976	29
4977	42
4978	29
4979	29
4980	8
4981	29
4982	29
4983	29
4984	29
4985	29
4986	29
4987	29
4988	29
4989	29
4990	29
4991	8
4992	8
4993	29
4994	29
4995	8
4996	29
4997	29
4998	29
4999	36
5000	8
5001	8
5002	29
5003	29
5004	29
5005	29
5006	29
5007	29
5008	29
5009	29
5010	29
5011	29
5012	29
5013	29
5014	8
5015	8
5016	29
5017	29
5018	29
5019	8
5020	8
5021	29
5022	29
5023	29
5024	29
5025	0
5026	8
5027	0
5028	29
5029	29
5030	35
5031	29
5032	29
5033	29
5034	29
5035	29
5036	8
5037	8
5038	29
5039	29
5040	29
5041	8
5042	29
5043	29
5044	29
5045	29
5046	29
5047	29
5048	29
5049	29
5050	29
5051	29
5052	29
5053	29
5054	29
5055	29
5056	29
5057	29
5058	29
5059	3
5060	4
5061	29
5062	29
5063	29
5064	29
5065	8
5066	29
5067	29
5068	29
5069	29
5070	29
5071	8
5072	29
5073	29
5074	29
5075	29
5076	29
5077	29
5078	29
5079	8
5080	8
5081	29
5082	29
5083	29
5084	8
5085	29
5086	29
5087	29
5088	29
5089	29
5090	42
5091	29
5092	29
5093	29
5094	29
5095	29
5096	29
5097	29
5098	29
5099	29
5100	29
5101	29
5102	3
5103	10
5104	31
5105	0
5106	8
5107	29
5108	29
5109	8
5110	42
5111	8
5112	29
5113	29
5114	29
5115	8
5116	29
5117	29
5118	29
5119	29
5120	36
5121	29
5122	8
5123	8
5124	29
5125	29
5126	8
5127	29
5128	8
5129	29
5130	8
5131	29
5132	29
5133	29
5134	29
5135	29
5136	19
5137	8
5138	8
5139	8
5140	29
5141	29
5142	29
5143	29
5144	29
5145	29
5146	29
5147	8
5148	29
5149	29
5150	35
5151	8
5152	29
5153	29
5154	29
5155	29
5156	29
5157	29
5158	29
5159	29
5160	8
5161	29
5162	29
5163	29
5164	29
5165	29
5166	29
5167	29
5168	29
5169	29
5170	29
5171	0
5172	29
5173	29
5174	29
5175	29
5176	29
5177	29
5178	8
5179	29
5180	29
5181	42
5182	8
5183	29
5184	29
5185	29
5186	29
5187	29
5188	29
5189	8
5190	29
5191	29
5192	8
5193	29
5194	29
5195	42
5196	29
5197	8
5198	29
5199	8
5200	29
5201	29
5202	8
5203	14
5204	29
5205	29
5206	29
5207	29
5208	29
5209	29
5210	29
5211	29
5212	29
5213	29
5214	8
5215	29
5216	29
5217	29
5218	29
5219	29
5220	8
5221	8
5222	29
5223	8
5224	29
5225	8
5226	8
5227	29
5228	8
5229	8
5230	29
5231	29
5232	29
5233	29
5234	8
5235	29
5236	29
5237	29
5238	29
5239	29
5240	29
5241	29
5242	29
5243	35
5244	29
5245	42
5246	35
5247	29
5248	29
5249	29
5250	29
5251	29
5252	29
5253	29
5254	29
5255	8
5256	29
5257	29
5258	29
5259	8
5260	29
5261	8
5262	29
5263	29
5264	29
5265	29
5266	29
5267	29
5268	29
5269	29
5270	29
5271	29
5272	29
5273	29
5274	29
5275	36
5276	29
5277	29
5278	29
5279	29
5280	29
5281	29
5282	29
5283	29
5284	29
5285	29
5286	29
5287	29
5288	29
5289	29
5290	29
5291	29
5292	8
5293	29
5294	29
5295	29
5296	8
5297	29
5298	29
5299	8
5300	29
5301	8
5302	29
5303	29
5304	8
5305	8
5306	29
5307	29
5308	29
5309	29
5310	29
5311	8
5312	29
5313	29
5314	29
5315	8
5316	29
5317	10
5318	26
5319	29
5320	29
5321	29
5322	10
5323	29
5324	29
5325	29
5326	29
5327	29
5328	8
5329	29
5330	29
5331	3
5332	3
5333	29
5334	29
5335	29
5336	29
5337	8
5338	29
5339	36
5340	29
5341	0
5342	29
5343	29
5344	29
5345	29
5346	29
5347	29
5348	8
5349	29
5350	29
5351	29
5352	6
5353	29
5354	8
5355	29
5356	29
5357	29
5358	29
5359	29
5360	8
5361	19
5362	0
5363	29
5364	29
5365	29
5366	29
5367	0
5368	42
5369	29
5370	29
5371	29
5372	29
5373	29
5374	29
5375	29
5376	29
5377	29
5378	40
5379	36
5380	29
5381	29
5382	29
5383	29
5384	29
5385	29
5386	29
5387	29
5388	8
5389	29
5390	29
5391	8
5392	0
5393	0
5394	29
5395	8
5396	29
5397	29
5398	29
5399	29
5400	29
5401	29
5402	29
5403	29
5404	29
5405	29
5406	29
5407	29
5408	29
5409	29
5410	29
5411	29
5412	29
5413	35
5414	29
5415	29
5416	35
5417	29
5418	29
5419	8
5420	29
5421	29
5422	8
5423	8
5424	8
5425	29
5426	0
5427	29
5428	29
5429	42
5430	42
5431	29
5432	29
5433	29
5434	29
5435	29
5436	29
5437	29
5438	29
5439	29
5440	29
5441	29
5442	29
5443	29
5444	8
5445	36
5446	29
5447	8
5448	29
5449	29
5450	29
5451	8
5452	29
5453	29
5454	29
5455	29
5456	8
5457	8
5458	29
5459	29
5460	29
5461	29
5462	29
5463	29
5464	29
5465	29
5466	29
5467	29
5468	29
5469	29
5470	29
5471	8
5472	29
5473	8
5474	29
5475	29
5476	29
5477	29
5478	29
5479	36
5480	29
5481	8
5482	29
5483	29
5484	29
5485	29
5486	29
5487	29
5488	29
5489	29
5490	8
5491	29
5492	29
5493	29
5494	8
5495	35
5496	29
5497	35
5498	29
5499	42
5500	8
5501	29
5502	8
5503	29
5504	29
5505	29
5506	29
5507	29
5508	29
5509	29
5510	29
5511	29
5512	8
5513	29
5514	8
5515	29
5516	29
5517	29
5518	29
5519	8
5520	8
5521	29
5522	29
5523	29
5524	29
5525	29
5526	29
5527	29
5528	29
5529	29
5530	8
5531	0
5532	29
5533	36
5534	29
5535	29
5536	35
5537	29
5538	29
5539	8
5540	29
5541	8
5542	29
5543	29
5544	29
5545	29
5546	29
5547	29
5548	29
5549	29
5550	29
5551	29
5552	29
5553	29
5554	29
5555	8
5556	29
5557	29
5558	8
5559	8
5560	29
5561	29
5562	29
5563	45
5564	29
5565	29
5566	29
5567	29
5568	0
5569	29
5570	29
5571	36
5572	29
5573	29
5574	29
5575	23
5576	29
5577	29
5578	29
5579	29
5580	29
5581	8
5582	29
5583	29
5584	14
5585	29
5586	29
5587	29
5588	29
5589	29
5590	29
5591	29
5592	0
5593	29
5594	8
5595	29
5596	29
5597	8
5598	35
5599	29
5600	29
5601	29
5602	29
5603	8
5604	29
5605	29
5606	29
5607	29
5608	29
5609	29
5610	36
5611	29
5612	29
5613	8
5614	29
5615	29
5616	8
5617	9
5618	29
5619	29
5620	29
5621	29
5622	29
5623	29
5624	29
5625	29
5626	29
5627	29
5628	29
5629	29
5630	29
5631	8
5632	29
5633	29
5634	29
5635	29
5636	29
5637	29
5638	29
5639	29
5640	29
5641	29
5642	29
5643	29
5644	8
5645	8
5646	29
5647	29
5648	29
5649	8
5650	8
5651	8
5652	29
5653	29
5654	29
5655	29
5656	29
5657	29
5658	29
5659	29
5660	29
5661	29
5662	29
5663	8
5664	29
5665	15
5666	29
5667	29
5668	29
5669	29
5670	29
5671	29
5672	29
5673	29
5674	29
5675	29
5676	29
5677	35
5678	8
5679	8
5680	29
5681	27
5682	29
5683	29
5684	29
5685	29
5686	29
5687	9
5688	29
5689	40
5690	29
5691	8
5692	29
5693	8
5694	29
5695	8
5696	29
5697	29
5698	29
5699	29
5700	29
5701	8
5702	29
5703	8
5704	45
5705	8
5706	8
5707	29
5708	29
5709	29
5710	29
5711	8
5712	29
5713	29
5714	8
5715	29
5716	8
5717	34
5718	8
5719	29
5720	29
5721	29
5722	29
5723	29
5724	29
5725	8
5726	29
5727	42
5728	29
5729	8
5730	8
5731	29
5732	29
5733	29
5734	29
5735	29
5736	29
5737	29
5738	8
5739	8
5740	29
5741	29
5742	29
5743	29
5744	29
5745	8
5746	29
5747	29
5748	29
5749	9
5750	3
5751	8
5752	29
5753	29
5754	29
5755	29
5756	36
5757	36
5758	8
5759	8
5760	29
5761	28
5762	8
5763	29
5764	29
5765	8
5766	8
5767	29
5768	29
5769	29
5770	8
5771	8
5772	8
5773	29
5774	8
5775	29
5776	29
5777	29
5778	8
5779	8
5780	29
5781	8
5782	29
5783	29
5784	29
5785	8
5786	29
5787	29
5788	29
5789	29
5790	8
5791	29
5792	29
5793	29
5794	29
5795	8
5796	29
5797	29
5798	8
5799	29
5800	29
5801	8
5802	8
5803	8
5804	29
5805	29
5806	8
5807	29
5808	29
5809	29
5810	29
5811	29
5812	29
5813	35
5814	29
5815	29
5816	29
5817	29
5818	29
5819	15
5820	28
5821	29
5822	8
5823	29
5824	29
5825	29
5826	21
5827	29
5828	29
5829	29
5830	29
5831	29
5832	29
5833	29
5834	29
5835	29
5836	29
5837	29
5838	29
5839	29
5840	29
5841	29
5842	0
5843	29
5844	0
5845	23
5846	29
5847	29
5848	29
5849	29
5850	29
5851	8
5852	29
5853	29
5854	29
5855	29
5856	29
5857	29
5858	29
5859	35
5860	29
5861	0
5862	29
5863	8
5864	8
5865	29
5866	29
5867	29
5868	29
5869	29
5870	29
5871	29
5872	29
5873	29
5874	29
5875	29
5876	29
5877	36
5878	35
5879	29
5880	29
5881	35
5882	8
5883	29
5884	29
5885	29
5886	40
5887	29
5888	8
5889	29
5890	29
5891	29
5892	29
5893	8
5894	8
5895	8
5896	29
5897	29
5898	29
5899	29
5900	4
5901	42
5902	29
5903	29
5904	29
5905	29
5906	29
5907	29
5908	29
5909	29
5910	29
5911	29
5912	29
5913	29
5914	42
5915	8
5916	8
5917	29
5918	29
5919	29
5920	29
5921	29
5922	45
5923	29
5924	8
5925	29
5926	29
5927	8
5928	0
5929	8
5930	29
5931	29
5932	29
5933	29
5934	29
5935	29
5936	8
5937	29
5938	29
5939	29
5940	29
5941	29
5942	29
5943	29
5944	29
5945	3
5946	8
5947	45
5948	29
5949	40
5950	29
5951	8
5952	29
5953	29
5954	29
5955	29
5956	8
5957	29
5958	29
5959	35
5960	29
5961	29
5962	29
5963	29
5964	29
5965	29
5966	29
5967	29
5968	29
5969	8
5970	29
5971	29
5972	8
5973	29
5974	29
5975	8
5976	8
5977	29
5978	29
5979	29
5980	29
5981	29
5982	29
5983	29
5984	0
5985	29
5986	29
5987	8
5988	29
5989	29
5990	29
5991	0
5992	29
5993	29
5994	19
5995	0
5996	29
5997	29
5998	29
5999	29
6000	29
6001	29
6002	29
6003	29
6004	29
6005	8
6006	29
6007	29
6008	29
6009	29
6010	29
6011	29
6012	29
6013	29
6014	29
6015	29
6016	29
6017	29
6018	29
6019	29
6020	29
6021	29
6022	29
6023	29
6024	8
6025	29
6026	8
6027	8
6028	8
6029	29
6030	8
6031	29
6032	29
6033	29
6034	29
6035	0
6036	29
6037	29
6038	29
6039	29
6040	8
6041	36
6042	29
6043	8
6044	29
6045	29
6046	29
6047	29
6048	8
6049	8
6050	8
6051	29
6052	8
6053	29
6054	42
6055	29
6056	29
6057	29
6058	29
6059	29
6060	29
6061	29
6062	29
6063	29
6064	29
6065	29
6066	29
6067	29
6068	29
6069	29
6070	35
6071	29
6072	29
6073	29
6074	29
6075	29
6076	29
6077	29
6078	29
6079	29
6080	29
6081	29
6082	29
6083	29
6084	29
6085	29
6086	29
6087	0
6088	29
6089	29
6090	29
6091	8
6092	29
6093	29
6094	29
6095	29
6096	29
6097	29
6098	8
6099	29
6100	29
6101	29
6102	29
6103	29
6104	29
6105	29
6106	29
6107	0
6108	29
6109	29
6110	29
6111	29
6112	29
6113	29
6114	29
6115	29
6116	29
6117	29
6118	29
6119	29
6120	29
6121	29
6122	29
6123	0
6124	8
6125	29
6126	8
6127	29
6128	29
6129	29
6130	3
6131	3
6132	8
6133	29
6134	0
6135	29
6136	8
6137	29
6138	29
6139	29
6140	8
6141	29
6142	29
6143	29
6144	29
6145	29
6146	29
6147	29
6148	29
6149	33
6150	6
6151	29
6152	29
6153	8
6154	29
6155	29
6156	29
6157	29
6158	29
6159	8
6160	0
6161	29
6162	29
6163	29
6164	29
6165	29
6166	29
6167	29
6168	29
6169	29
6170	0
6171	29
6172	29
6173	29
6174	29
6175	4
6176	29
6177	29
6178	8
6179	29
6180	29
6181	29
6182	29
6183	29
6184	29
6185	29
6186	29
6187	29
6188	40
6189	29
6190	29
6191	29
6192	29
6193	0
6194	3
6195	40
6196	29
6197	29
6198	29
6199	42
6200	38
6201	38
6202	0
6203	0
6204	18
6205	29
6206	29
6207	8
6208	29
6209	29
6210	8
6211	8
6212	29
6213	29
6214	8
6215	29
6216	29
6217	8
6218	29
6219	29
6220	36
6221	8
6222	29
6223	29
6224	29
6225	29
6226	29
6227	40
6228	28
6229	28
6230	29
6231	28
6232	33
6233	29
6234	8
6235	29
6236	29
6237	0
6238	8
6239	29
6240	29
6241	29
6242	29
6243	29
6244	29
6245	29
6246	29
6247	29
6248	35
6249	29
6250	29
6251	29
6252	10
6253	29
6254	29
6255	29
6256	29
6257	29
6258	29
6259	29
6260	29
6261	29
6262	8
6263	29
6264	29
6265	29
6266	29
6267	29
6268	29
6269	29
6270	29
6271	29
6272	35
6273	35
6274	8
6275	29
6276	29
6277	8
6278	8
6279	29
6280	29
6281	0
6282	29
6283	29
6284	8
6285	29
6286	29
6287	29
6288	29
6289	29
6290	29
6291	29
6292	8
6293	29
6294	29
6295	29
6296	29
6297	29
6298	29
6299	29
6300	29
6301	29
6302	29
6303	8
6304	35
6305	29
6306	29
6307	29
6308	29
6309	29
6310	29
6311	29
6312	29
6313	33
6314	40
6315	19
6316	40
6317	29
6318	8
6319	29
6320	29
6321	29
6322	29
6323	29
6324	29
6325	29
6326	29
6327	15
6328	34
6329	34
6330	29
6331	29
6332	29
6333	29
6334	29
6335	29
6336	41
6337	8
6338	29
6339	29
6340	15
6341	8
6342	29
6343	29
6344	29
6345	29
6346	29
6347	29
6348	29
6349	29
6350	8
6351	29
6352	29
6353	29
6354	29
6355	8
6356	29
6357	29
6358	29
6359	29
6360	29
6361	29
6362	8
6363	6
6364	29
6365	29
6366	8
6367	29
6368	0
6369	29
6370	29
6371	8
6372	29
6373	29
6374	29
6375	29
6376	29
6377	0
6378	29
6379	29
6380	29
6381	29
6382	29
6383	29
6384	29
6385	29
6386	29
6387	29
6388	29
6389	45
6390	29
6391	29
6392	29
6393	29
6394	29
6395	29
6396	29
6397	29
6398	29
6399	29
6400	34
6401	29
6402	0
6403	29
6404	29
6405	29
6406	29
6407	29
6408	8
6409	29
6410	29
6411	29
6412	8
6413	8
6414	29
6415	29
6416	42
6417	29
6418	29
6419	29
6420	29
6421	29
6422	29
6423	29
6424	29
6425	29
6426	29
6427	29
6428	29
6429	29
6430	8
6431	29
6432	8
6433	29
6434	29
6435	29
6436	29
6437	29
6438	3
6439	3
6440	29
6441	29
6442	29
6443	42
6444	29
6445	29
6446	29
6447	29
6448	29
6449	29
6450	29
6451	29
6452	29
6453	29
6454	29
6455	29
6456	36
6457	29
6458	3
6459	3
6460	29
6461	29
6462	3
6463	3
6464	3
6465	29
6466	8
6467	29
6468	8
6469	29
6470	8
6471	29
6472	29
6473	29
6474	8
6475	29
6476	29
6477	29
6478	8
6479	8
6480	8
6481	0
6482	8
6483	29
6484	29
6485	29
6486	29
6487	29
6488	29
6489	29
6490	29
6491	29
6492	29
6493	29
6494	29
6495	29
6496	29
6497	29
6498	29
6499	29
6500	29
6501	29
6502	29
6503	29
6504	29
6505	29
6506	29
6507	29
6508	36
6509	29
6510	29
6511	8
6512	8
6513	3
6514	29
6515	29
6516	40
6517	3
6518	23
6519	29
6520	8
6521	29
6522	8
6523	29
6524	29
6525	29
6526	8
6527	29
6528	29
6529	29
6530	29
6531	29
6532	29
6533	29
6534	29
6535	29
6536	29
6537	29
6538	29
6539	29
6540	29
6541	29
6542	29
6543	29
6544	29
6545	29
6546	29
6547	29
6548	29
6549	29
6550	29
6551	29
6552	29
6553	29
6554	29
6555	29
6556	29
6557	29
6558	28
6559	29
6560	29
6561	29
6562	29
6563	29
6564	29
6565	9
6566	29
6567	29
6568	29
6569	35
6570	35
6571	35
6572	29
6573	29
6574	29
6575	29
6576	29
6577	29
6578	29
6579	45
6580	29
6581	29
6582	15
6583	29
6584	29
6585	29
6586	26
6587	29
6588	29
6589	29
6590	29
6591	29
6592	29
6593	29
6594	29
6595	29
6596	34
6597	15
6598	29
6599	29
6600	29
6601	29
6602	29
6603	29
6604	10
6605	29
6606	8
6607	8
6608	29
6609	8
6610	8
6611	29
6612	29
6613	29
6614	29
6615	29
6616	29
6617	29
6618	29
6619	29
6620	29
6621	8
6622	8
6623	29
6624	29
6625	29
6626	29
6627	29
6628	29
6629	29
6630	29
6631	29
6632	29
6633	29
6634	29
6635	29
6636	29
6637	29
6638	8
6639	29
6640	29
6641	8
6642	29
6643	29
6644	8
6645	35
6646	29
6647	29
6648	35
6649	29
6650	29
6651	8
6652	29
6653	29
6654	29
6655	29
6656	29
6657	29
6658	29
6659	29
6660	8
6661	29
6662	29
6663	29
6664	29
6665	29
6666	29
6667	35
6668	29
6669	8
6670	29
6671	29
6672	29
6673	29
6674	29
6675	29
6676	29
6677	29
6678	29
6679	29
6680	29
6681	29
6682	35
6683	29
6684	29
6685	29
6686	35
6687	29
6688	35
6689	35
6690	35
6691	35
6692	29
6693	35
6694	29
6695	29
6696	29
6697	29
6698	29
6699	29
6700	29
6701	29
6702	29
6703	35
6704	29
6705	8
6706	8
6707	29
6708	29
6709	29
6710	8
6711	29
6712	29
6713	35
6714	29
6715	29
6716	29
6717	29
6718	29
6719	29
6720	29
6721	29
6722	29
6723	29
6724	29
6725	29
6726	29
6727	29
6728	29
6729	29
6730	29
6731	29
6732	29
6733	29
6734	29
6735	29
6736	29
6737	29
6738	29
6739	29
6740	29
6741	8
6742	29
6743	8
6744	29
6745	29
6746	29
6747	29
6748	29
6749	29
6750	29
6751	8
6752	29
6753	29
6754	29
6755	8
6756	29
6757	8
6758	29
6759	8
6760	29
6761	8
6762	29
6763	29
6764	29
6765	29
6766	29
6767	29
6768	29
6769	29
6770	8
6771	29
6772	29
6773	29
6774	29
6775	29
6776	29
6777	29
6778	29
6779	0
6780	29
6781	29
6782	29
6783	29
6784	29
6785	29
6786	29
6787	29
6788	29
6789	9
6790	19
6791	29
6792	29
6793	29
6794	29
6795	42
6796	29
6797	29
6798	0
6799	29
6800	0
6801	0
6802	35
6803	29
6804	0
6805	29
6806	29
6807	29
6808	29
6809	19
6810	19
6811	37
6812	8
6813	29
6814	29
6815	29
6816	8
6817	8
6818	29
6819	29
6820	29
6821	29
6822	29
6823	29
6824	29
6825	29
6826	29
6827	3
6828	29
6829	29
6830	29
6831	29
6832	9
6833	29
6834	29
6835	19
6836	29
6837	29
6838	29
6839	29
6840	29
6841	29
6842	29
6843	29
6844	29
6845	8
6846	29
6847	8
6848	29
6849	29
6850	29
6851	29
6852	29
6853	29
6854	29
6855	8
6856	29
6857	29
6858	29
6859	32
6860	8
6861	29
6862	8
6863	35
6864	29
6865	29
6866	8
6867	29
6868	45
6869	29
6870	8
6871	29
6872	29
6873	29
6874	29
6875	29
6876	29
6877	29
6878	29
6879	29
6880	29
6881	35
6882	0
6883	0
6884	29
6885	29
6886	29
6887	29
6888	29
6889	29
6890	29
6891	29
6892	35
6893	29
6894	29
6895	29
6896	8
6897	8
6898	8
6899	3
6900	29
6901	29
6902	29
6903	29
6904	29
6905	29
6906	29
6907	29
6908	29
6909	29
6910	29
6911	3
6912	8
6913	0
6914	3
6915	29
6916	29
6917	8
6918	9
6919	29
6920	29
6921	29
6922	29
6923	29
6924	29
6925	29
6926	8
6927	29
6928	29
6929	14
6930	29
6931	29
6932	29
6933	29
6934	8
6935	29
6936	42
6937	29
6938	29
6939	29
6940	29
6941	29
6942	29
6943	29
6944	29
6945	29
6946	29
6947	29
6948	29
6949	29
6950	29
6951	29
6952	29
6953	29
6954	29
6955	8
6956	29
6957	29
6958	35
6959	9
6960	29
6961	29
6962	0
6963	29
6964	29
6965	36
6966	8
6967	36
6968	8
6969	29
6970	29
6971	29
6972	34
6973	29
6974	29
6975	29
6976	29
6977	29
6978	29
6979	29
6980	8
6981	3
6982	3
6983	3
6984	3
6985	3
6986	36
6987	3
6988	3
6989	29
6990	8
6991	29
6992	29
6993	36
6994	29
6995	29
6996	35
6997	35
6998	29
6999	29
7000	29
7001	29
7002	29
7003	29
7004	29
7005	29
7006	29
7007	29
7008	29
7009	10
7010	10
7011	29
7012	29
7013	8
7014	29
7015	29
7016	8
7017	29
7018	29
7019	29
7020	29
7021	29
7022	29
7023	35
7024	29
7025	19
7026	8
7027	29
7028	8
7029	29
7030	29
7031	29
7032	8
7033	8
7034	29
7035	29
7036	29
7037	29
7038	29
7039	8
7040	8
7041	29
7042	29
7043	29
7044	29
7045	8
7046	29
7047	29
7048	29
7049	29
7050	29
7051	29
7052	29
7053	29
7054	29
7055	29
7056	8
7057	29
7058	29
7059	29
7060	0
7061	8
7062	8
7063	29
7064	29
7065	29
7066	29
7067	29
7068	29
7069	29
7070	29
7071	29
7072	29
7073	29
7074	29
7075	29
7076	29
7077	29
7078	29
7079	29
7080	29
7081	42
7082	29
7083	29
7084	8
7085	29
7086	29
7087	29
7088	29
7089	29
7090	29
7091	8
7092	29
7093	29
7094	29
7095	29
7096	29
7097	8
7098	29
7099	29
7100	29
7101	29
7102	29
7103	29
7104	29
7105	29
7106	29
7107	29
7108	29
7109	29
7110	29
7111	29
7112	29
7113	29
7114	29
7115	29
7116	29
7117	43
7118	45
7119	26
7120	29
7121	8
7122	29
7123	29
7124	29
7125	29
7126	29
7127	29
7128	29
7129	29
7130	29
7131	29
7132	29
7133	29
7134	29
7135	29
7136	29
7137	29
7138	29
7139	15
7140	29
7141	0
7142	29
7143	29
7144	29
7145	29
7146	29
7147	29
7148	8
7149	36
7150	45
7151	45
7152	29
7153	29
7154	29
7155	29
7156	29
7157	29
7158	19
7159	40
7160	8
7161	29
7162	29
7163	29
7164	29
7165	29
7166	29
7167	29
7168	29
7169	29
7170	29
7171	29
7172	29
7173	29
7174	29
7175	29
7176	0
7177	0
7178	29
7179	29
7180	29
7181	8
7182	29
7183	8
7184	8
7185	29
7186	29
7187	29
7188	29
7189	29
7190	29
7191	29
7192	29
7193	29
7194	29
7195	8
7196	3
7197	29
7198	29
7199	29
7200	29
7201	35
7202	29
7203	29
7204	29
7205	19
7206	19
7207	29
7208	29
7209	29
7210	29
7211	3
7212	29
7213	29
7214	29
7215	29
7216	29
7217	29
7218	29
7219	8
7220	29
7221	29
7222	29
7223	29
7224	42
7225	3
7226	29
7227	29
7228	29
7229	29
7230	29
7231	29
7232	29
7233	8
7234	29
7235	29
7236	29
7237	29
7238	8
7239	36
7240	29
7241	15
7242	29
7243	8
7244	36
7245	8
7246	29
7247	29
7248	29
7249	29
7250	29
7251	29
7252	29
7253	29
7254	29
7255	0
7256	29
7257	29
7258	0
7259	29
7260	7
7261	36
7262	8
7263	29
7264	29
7265	29
7266	29
7267	2
7268	8
7269	29
7270	29
7271	29
7272	40
7273	42
7274	42
7275	29
7276	29
7277	29
7278	3
7279	29
7280	29
7281	29
7282	29
7283	29
7284	29
7285	29
7286	29
7287	42
7288	29
7289	42
7290	29
7291	47
7292	8
7293	18
7294	31
7295	3
7296	29
7297	29
7298	0
7299	29
7300	8
7301	29
7302	29
7303	8
7304	45
7305	8
7306	9
7307	29
7308	29
7309	29
7310	29
7311	29
7312	8
7313	42
7314	29
7315	8
7316	8
7317	29
7318	29
7319	29
7320	29
7321	29
7322	29
7323	29
7324	19
7325	19
7326	19
7327	40
7328	40
7329	29
7330	29
7331	29
7332	29
7333	29
7334	3
7335	29
7336	29
7337	8
7338	29
7339	29
7340	8
7341	8
7342	36
7343	29
7344	8
7345	8
7346	29
7347	29
7348	29
7349	29
7350	29
7351	29
7352	29
7353	29
7354	29
7355	29
7356	29
7357	29
7358	29
7359	29
7360	29
7361	8
7362	29
7363	29
7364	29
7365	29
7366	29
7367	29
7368	29
7369	0
7370	19
7371	19
7372	19
7373	40
7374	40
7375	40
7376	19
7377	40
7378	29
7379	29
7380	29
7381	29
7382	29
7383	29
7384	29
7385	29
7386	29
7387	29
7388	29
7389	29
7390	29
7391	29
7392	29
7393	29
7394	29
7395	29
7396	29
7397	29
7398	29
7399	29
7400	29
7401	29
7402	29
7403	29
7404	29
7405	29
7406	29
7407	8
7408	42
7409	29
7410	28
7411	29
7412	29
7413	29
7414	29
7415	29
7416	8
7417	29
7418	29
7419	29
7420	29
7421	29
7422	29
7423	8
7424	29
7425	29
7426	8
7427	22
7428	8
7429	35
7430	29
7431	29
7432	8
7433	8
7434	29
7435	29
7436	8
7437	29
7438	29
7439	29
7440	29
7441	8
7442	29
7443	29
7444	29
7445	29
7446	29
7447	29
7448	29
7449	29
7450	29
7451	29
7452	0
7453	29
7454	0
7455	29
7456	40
7457	0
7458	29
7459	29
7460	29
7461	29
7462	29
7463	8
7464	29
7465	29
7466	29
7467	29
7468	42
7469	29
7470	29
7471	29
7472	29
7473	29
7474	29
7475	29
7476	29
7477	29
7478	29
7479	29
7480	29
7481	29
7482	29
7483	29
7484	29
7485	29
7486	29
7487	29
7488	29
7489	29
7490	29
7491	8
7492	29
7493	29
7494	8
7495	29
7496	29
7497	29
7498	29
7499	29
7500	29
7501	29
7502	3
7503	29
7504	29
7505	29
7506	29
7507	29
7508	29
7509	29
7510	29
7511	0
7512	8
7513	29
7514	29
7515	29
7516	3
7517	3
7518	3
7519	3
7520	3
7521	29
7522	29
7523	29
7524	8
7525	29
7526	29
7527	29
7528	29
7529	29
7530	29
7531	29
7532	29
7533	29
7534	29
7535	29
7536	29
7537	29
7538	29
7539	29
7540	29
7541	29
7542	29
7543	29
7544	29
7545	29
7546	29
7547	29
7548	29
7549	29
7550	8
7551	11
7552	29
7553	29
7554	35
7555	29
7556	29
7557	29
7558	29
7559	29
7560	29
7561	29
7562	29
7563	29
7564	29
7565	29
7566	19
7567	29
7568	29
7569	29
7570	8
7571	29
7572	35
7573	29
7574	25
7575	8
7576	29
7577	29
7578	0
7579	29
7580	29
7581	29
7582	8
7583	29
7584	29
7585	29
7586	29
7587	29
7588	29
7589	29
7590	29
7591	29
7592	29
7593	29
7594	29
7595	29
7596	0
7597	29
7598	29
7599	42
7600	8
7601	29
7602	28
7603	5
7604	8
7605	10
7606	29
7607	8
7608	29
7609	29
7610	29
7611	29
7612	29
7613	10
7614	29
7615	29
7616	29
7617	29
7618	29
7619	29
7620	29
7621	29
7622	29
7623	8
7624	8
7625	8
7626	29
7627	29
7628	29
7629	29
7630	29
7631	29
7632	29
7633	7
7634	29
7635	29
7636	29
7637	29
7638	29
7639	29
7640	29
7641	29
7642	8
7643	8
7644	8
7645	8
7646	8
7647	49
7648	49
7649	49
7650	8
7651	29
7652	29
7653	8
7654	29
7655	29
7656	29
7657	29
7658	29
7659	29
7660	29
7661	29
7662	29
7663	29
7664	29
7665	36
7666	36
7667	36
7668	8
7669	29
7670	29
7671	29
7672	8
7673	29
7674	29
7675	29
7676	36
7677	29
7678	29
7679	29
7680	29
7681	19
7682	29
7683	29
7684	29
7685	29
7686	29
7687	29
7688	29
7689	29
7690	29
7691	29
7692	29
7693	29
7694	29
7695	29
7696	29
7697	29
7698	29
7699	29
7700	29
7701	8
7702	8
7703	8
7704	8
7705	45
7706	8
7707	29
7708	19
7709	29
7710	29
7711	29
7712	29
7713	29
7714	29
7715	29
7716	29
7717	29
7718	29
7719	35
7720	29
7721	29
7722	29
7723	35
7724	29
7725	29
7726	8
7727	8
7728	29
7729	29
7730	29
7731	29
7732	36
7733	29
7734	36
7735	29
7736	8
7737	29
7738	29
7739	29
7740	29
7741	29
7742	29
7743	29
7744	45
7745	29
7746	29
7747	29
7748	29
7749	29
7750	29
7751	8
7752	29
7753	29
7754	29
7755	29
7756	29
7757	29
7758	29
7759	36
7760	19
7761	29
7762	29
7763	29
7764	29
7765	29
7766	29
7767	29
7768	29
7769	29
7770	29
7771	29
7772	29
7773	29
7774	29
7775	8
7776	0
7777	29
7778	29
7779	29
7780	29
7781	29
7782	29
7783	29
7784	29
7785	29
7786	29
7787	29
7788	8
7789	29
7790	29
7791	29
7792	29
7793	29
7794	29
7795	29
7796	29
7797	0
7798	8
7799	29
7800	10
7801	29
7802	29
7803	29
7804	35
7805	29
7806	29
7807	29
7808	29
7809	35
7810	31
7811	29
7812	29
7813	29
7814	29
7815	29
7816	29
7817	29
7818	29
7819	8
7820	29
7821	29
7822	29
7823	29
7824	29
7825	8
7826	8
7827	8
7828	8
7829	29
7830	29
7831	29
7832	29
7833	29
7834	29
7835	29
7836	29
7837	29
7838	8
7839	29
7840	29
7841	29
7842	29
7843	29
7844	29
7845	3
7846	29
7847	29
7848	29
7849	29
7850	29
7851	8
7852	29
7853	29
7854	29
7855	29
7856	29
7857	29
7858	29
7859	29
7860	35
7861	29
7862	29
7863	29
7864	29
7865	23
7866	29
7867	29
7868	29
7869	29
7870	29
7871	29
7872	29
7873	29
7874	14
7875	14
7876	7
7877	8
7878	29
7879	29
7880	29
7881	29
7882	29
7883	49
7884	29
7885	29
7886	19
7887	8
7888	29
7889	29
7890	10
7891	36
7892	10
7893	29
7894	29
7895	42
7896	42
7897	31
7898	29
7899	29
7900	29
7901	29
7902	29
7903	29
7904	29
7905	29
7906	29
7907	29
7908	29
7909	29
7910	35
7911	29
7912	29
7913	8
7914	29
7915	35
7916	29
7917	29
7918	29
7919	29
7920	29
7921	29
7922	8
7923	29
7924	29
7925	29
7926	29
7927	29
7928	29
7929	8
7930	29
7931	29
7932	29
7933	36
7934	29
7935	29
7936	29
7937	8
7938	0
7939	29
7940	29
7941	8
7942	8
7943	8
7944	29
7945	29
7946	29
7947	35
7948	8
7949	36
7950	35
7951	29
7952	29
7953	29
7954	29
7955	29
7956	29
7957	29
7958	8
7959	29
7960	8
7961	8
7962	29
7963	29
7964	29
7965	10
7966	19
7967	29
7968	8
7969	29
7970	29
7971	29
7972	29
7973	23
7974	8
7975	36
7976	29
7977	29
7978	29
7979	29
7980	29
7981	29
7982	29
7983	29
7984	29
7985	29
7986	29
7987	29
7988	29
7989	29
7990	23
7991	9
7992	29
7993	26
7994	13
7995	29
7996	29
7997	29
7998	8
7999	8
8000	29
8001	29
8002	3
8003	29
8004	29
8005	29
8006	29
8007	29
8008	29
8009	29
8010	29
8011	29
8012	7
8013	29
8014	29
8015	29
8016	29
8017	29
8018	29
8019	29
8020	29
8021	29
8022	29
8023	29
8024	29
8025	29
8026	29
8027	29
8028	29
8029	29
8030	29
8031	35
8032	29
8033	29
8034	29
8035	29
8036	29
8037	29
8038	29
8039	29
8040	29
8041	29
8042	8
8043	29
8044	29
8045	29
8046	29
8047	29
8048	29
8049	29
8050	29
8051	29
8052	29
8053	29
8054	29
8055	29
8056	29
8057	29
8058	29
8059	3
8060	8
8061	29
8062	29
8063	29
8064	29
8065	29
8066	29
8067	44
8068	44
8069	44
8070	44
8071	44
8072	44
8073	44
8074	44
8075	26
8076	29
8077	29
8078	29
8079	29
8080	29
8081	29
8082	29
8083	29
8084	29
8085	29
8086	35
8087	29
8088	29
8089	29
8090	29
8091	29
8092	29
8093	29
8094	29
8095	29
8096	29
8097	19
8098	29
8099	29
8100	0
8101	29
8102	29
8103	29
8104	29
8105	29
8106	29
8107	29
8108	29
8109	29
8110	8
8111	31
8112	29
8113	29
8114	29
8115	7
8116	29
8117	29
8118	29
8119	8
8120	29
8121	29
8122	8
8123	29
8124	3
8125	0
8126	29
8127	29
8128	29
8129	29
8130	1
8131	29
8132	29
8133	29
8134	8
8135	29
8136	29
8137	29
8138	29
8139	36
8140	29
8141	29
8142	29
8143	29
8144	29
8145	29
8146	29
8147	26
8148	26
8149	26
8150	29
8151	29
8152	29
8153	29
8154	29
8155	29
8156	29
8157	29
8158	31
8159	29
8160	29
8161	29
8162	29
8163	29
8164	29
8165	29
8166	29
8167	29
8168	29
8169	29
8170	29
8171	29
8172	29
8173	9
8174	29
8175	29
8176	29
8177	8
8178	29
8179	29
8180	29
8181	29
8182	29
8183	7
8184	29
8185	29
8186	29
8187	29
8188	29
8189	29
8190	29
8191	35
8192	29
8193	29
8194	29
8195	29
8196	8
8197	29
8198	29
8199	3
8200	36
8201	8
8202	29
8203	8
8204	8
8205	8
8206	7
8207	10
8208	7
8209	29
8210	29
8211	3
8212	3
8213	29
8214	29
8215	29
8216	29
8217	29
8218	29
8219	29
8220	29
8221	29
8222	29
8223	29
8224	29
8225	49
8226	29
8227	8
8228	29
8229	29
8230	29
8231	29
8232	29
8233	29
8234	29
8235	29
8236	29
8237	8
8238	29
8239	29
8240	29
8241	8
8242	29
8243	29
8244	29
8245	29
8246	15
8247	8
8248	29
8249	8
8250	29
8251	29
8252	29
8253	29
8254	48
8255	8
8256	29
8257	29
8258	29
8259	29
8260	44
8261	29
8262	29
8263	29
8264	29
8265	29
8266	29
8267	29
8268	29
8269	29
8270	29
8271	29
8272	29
8273	29
8274	29
8275	8
8276	35
8277	29
8278	35
8279	35
8280	35
8281	29
8282	29
8283	29
8284	29
8285	29
8286	25
8287	29
8288	8
8289	29
8290	29
8291	29
8292	29
8293	8
8294	29
8295	29
8296	29
8297	26
8298	39
8299	29
8300	29
8301	29
8302	29
8303	36
8304	29
8305	29
8306	29
8307	29
8308	3
8309	29
8310	29
8311	8
8312	8
8313	29
8314	29
8315	29
8316	29
8317	36
8318	36
8319	36
8320	36
8321	36
8322	36
8323	36
8324	36
8325	36
8326	36
8327	36
8328	3
8329	3
8330	8
8331	8
8332	8
8333	29
8334	29
8335	36
8336	36
8337	8
8338	8
8339	8
8340	8
8341	36
8342	29
8343	29
8344	44
8345	26
8346	29
8347	29
8348	36
8349	29
8350	29
8351	29
8352	29
8353	29
8354	29
8355	44
8356	29
8357	29
8358	42
8359	35
8360	29
8361	29
8362	29
8363	29
8364	29
8365	29
8366	29
8367	29
8368	29
8369	29
8370	29
8371	29
8372	29
8373	29
8374	29
8375	29
8376	29
8377	29
8378	29
8379	29
8380	29
8381	29
8382	29
8383	29
8384	0
8385	29
8386	29
8387	29
8388	29
8389	29
8390	29
8391	29
8392	29
8393	14
8394	36
8395	44
8396	26
8397	29
8398	29
8399	29
8400	29
8401	29
8402	29
8403	8
8404	29
8405	29
8406	29
8407	29
8408	18
8409	29
8410	36
8411	29
8412	29
8413	29
8414	29
8415	29
8416	29
8417	29
8418	29
8419	29
8420	29
8421	29
8422	29
8423	29
8424	29
8425	8
8426	29
8427	29
8428	29
8429	29
8430	29
8431	29
8432	29
8433	8
8434	9
8435	29
8436	29
8437	29
8438	29
8439	8
8440	29
8441	29
8442	29
8443	29
8444	23
8445	29
8446	29
8447	8
8448	29
8449	29
8450	29
8451	29
8452	29
8453	29
8454	29
8455	35
8456	29
8457	29
8458	36
8459	36
8460	29
8461	26
8462	44
8463	3
8464	49
8465	49
8466	49
8467	29
8468	29
8469	3
8470	29
8471	29
8472	29
8473	8
8474	3
8475	31
8476	29
8477	36
8478	29
8479	29
8480	35
8481	8
8482	29
8483	29
8484	3
8485	29
8486	31
8487	3
8488	8
8489	3
8490	48
8491	1
8492	31
8493	1
8494	23
8495	48
8496	1
8497	1
8498	48
8499	39
8500	48
8501	29
8502	29
8503	29
8504	36
8505	29
8506	26
8507	31
8508	29
8509	44
8510	23
8511	29
8512	29
8513	29
8514	8
8515	29
8516	29
8517	26
8518	29
8519	9
8520	29
8521	3
8522	3
8523	3
8524	3
8525	23
8526	29
8527	29
8528	29
8529	29
8530	29
8531	14
8532	29
8533	26
8534	31
8535	31
8536	44
8537	26
8538	3
8539	29
8540	29
8541	29
8542	29
8543	29
8544	29
8545	29
8546	29
8547	29
8548	29
8549	29
8550	23
8551	23
8552	3
8553	40
8554	29
8555	29
8556	29
8557	29
8558	49
8559	29
8560	29
8561	29
8562	35
8563	29
8564	29
8565	35
8566	29
8567	29
8568	29
8569	29
8570	29
8571	36
8572	3
8573	29
8574	29
8575	36
8576	29
8577	29
8578	29
8579	36
8580	29
8581	29
8582	29
8583	14
8584	29
8585	29
8586	29
8587	36
8588	31
8589	8
8590	29
8591	29
8592	29
8593	29
8594	36
8595	29
8596	29
8597	29
8598	29
8599	29
8600	29
8601	8
8602	29
8603	8
8604	29
8605	36
8606	8
8607	8
8608	29
8609	29
8610	8
8611	29
8612	3
8613	31
8614	29
8615	14
8616	29
8617	29
8618	3
8619	29
8620	29
8621	29
8622	29
8623	14
8624	3
8625	35
8626	36
8627	31
8628	31
8629	31
8630	36
8631	29
8632	49
8633	29
8634	35
8635	29
8636	29
8637	8
8638	29
8639	3
8640	3
8641	3
8642	36
8643	31
8644	36
8645	31
8646	36
8647	3
8648	36
8649	36
8650	36
8651	36
8652	36
8653	36
8654	29
8655	49
8656	29
8657	8
8658	3
8659	29
8660	29
8661	36
8662	29
8663	8
8664	35
8665	29
8666	29
8667	36
8668	29
8669	29
8670	29
8671	36
8672	8
8673	29
8674	8
8675	3
8676	29
8677	29
8678	29
8679	8
8680	29
8681	29
8682	29
8683	8
8684	8
8685	29
8686	29
